      0.0000000 -0.00018761845
    0.025000000 -0.00037523339
    0.050000000 -0.00056284130
    0.075000000 -0.00075043868
     0.10000000 -0.00093802202
     0.12500000  -0.0011255878
     0.15000000  -0.0013131325
     0.17500000  -0.0015006527
     0.20000000  -0.0016881447
     0.22500000  -0.0018756052
     0.25000000  -0.0020630306
     0.27500000  -0.0022504174
     0.30000000  -0.0024377620
     0.32500000  -0.0026250611
     0.35000000  -0.0028123111
     0.37500000  -0.0029995084
     0.40000000  -0.0031866496
     0.42500000  -0.0033737313
     0.45000000  -0.0035607498
     0.47500000  -0.0037477017
     0.50000000  -0.0039345836
     0.52500000  -0.0041213919
     0.55000000  -0.0043081231
     0.57500000  -0.0044947738
     0.60000000  -0.0046813404
     0.62500000  -0.0048678196
     0.65000000  -0.0050542077
     0.67500000  -0.0052405014
     0.70000000  -0.0054266972
     0.72500000  -0.0056127916
     0.75000000  -0.0057987811
     0.77500000  -0.0059846623
     0.80000000  -0.0061704318
     0.82500000  -0.0063560860
     0.85000000  -0.0065416215
     0.87500000  -0.0067270349
     0.90000000  -0.0069123227
     0.92500000  -0.0070974815
     0.95000000  -0.0072825079
     0.97500000  -0.0074673984
      1.0000000  -0.0076521495
      1.0250000  -0.0078367580
      1.0500000  -0.0080212203
      1.0750000  -0.0082055330
      1.1000000  -0.0083896928
      1.1250000  -0.0085736962
      1.1500000  -0.0087575398
      1.1750000  -0.0089412202
      1.2000000  -0.0091247341
      1.2250000  -0.0093080780
      1.2500000  -0.0094912486
      1.2750000  -0.0096742425
      1.3000000  -0.0098570564
      1.3250000   -0.010039687
      1.3500000   -0.010222130
      1.3750000   -0.010404384
      1.4000000   -0.010586444
      1.4250000   -0.010768307
      1.4500000   -0.010949970
      1.4750000   -0.011131430
      1.5000000   -0.011312682
      1.5250000   -0.011493725
      1.5500000   -0.011674554
      1.5750000   -0.011855166
      1.6000000   -0.012035559
      1.6250000   -0.012215728
      1.6500000   -0.012395670
      1.6750000   -0.012575383
      1.7000000   -0.012754862
      1.7250000   -0.012934105
      1.7500000   -0.013113109
      1.7750000   -0.013291869
      1.8000000   -0.013470384
      1.8250000   -0.013648649
      1.8500000   -0.013826661
      1.8750000   -0.014004418
      1.9000000   -0.014181915
      1.9250000   -0.014359151
      1.9500000   -0.014536121
      1.9750000   -0.014712822
      2.0000000   -0.014889252
      2.0250000   -0.015065407
      2.0500000   -0.015241283
      2.0750000   -0.015416879
      2.1000000   -0.015592190
      2.1250000   -0.015767213
      2.1500000   -0.015941946
      2.1750000   -0.016116385
      2.2000000   -0.016290527
      2.2250000   -0.016464370
      2.2500000   -0.016637909
      2.2750000   -0.016811142
      2.3000000   -0.016984066
      2.3250000   -0.017156678
      2.3500000   -0.017328975
      2.3750000   -0.017500953
      2.4000000   -0.017672610
      2.4250000   -0.017843942
      2.4500000   -0.018014947
      2.4750000   -0.018185622
      2.5000000   -0.018355963
      2.5250000   -0.018525968
      2.5500000   -0.018695634
      2.5750000   -0.018864957
      2.6000000   -0.019033935
      2.6250000   -0.019202565
      2.6500000   -0.019370844
      2.6750000   -0.019538769
      2.7000000   -0.019706336
      2.7250000   -0.019873544
      2.7500000   -0.020040390
      2.7750000   -0.020206870
      2.8000000   -0.020372981
      2.8250000   -0.020538721
      2.8500000   -0.020704087
      2.8750000   -0.020869076
      2.9000000   -0.021033685
      2.9250000   -0.021197912
      2.9500000   -0.021361753
      2.9750000   -0.021525206
      3.0000000   -0.021688268
      3.0250000   -0.021850936
      3.0500000   -0.022013208
      3.0750000   -0.022175081
      3.1000000   -0.022336552
      3.1250000   -0.022497618
      3.1500000   -0.022658277
      3.1750000   -0.022818526
      3.2000000   -0.022978363
      3.2250000   -0.023137784
      3.2500000   -0.023296787
      3.2750000   -0.023455369
      3.3000000   -0.023613528
      3.3250000   -0.023771261
      3.3500000   -0.023928566
      3.3750000   -0.024085440
      3.4000000   -0.024241880
      3.4250000   -0.024397885
      3.4500000   -0.024553450
      3.4750000   -0.024708574
      3.5000000   -0.024863254
      3.5250000   -0.025017488
      3.5500000   -0.025171274
      3.5750000   -0.025324608
      3.6000000   -0.025477488
      3.6250000   -0.025629912
      3.6500000   -0.025781878
      3.6750000   -0.025933382
      3.7000000   -0.026084423
      3.7250000   -0.026234999
      3.7500000   -0.026385106
      3.7750000   -0.026534742
      3.8000000   -0.026683906
      3.8250000   -0.026832594
      3.8500000   -0.026980804
      3.8750000   -0.027128535
      3.9000000   -0.027275783
      3.9250000   -0.027422547
      3.9500000   -0.027568824
      3.9750000   -0.027714612
      4.0000000   -0.027859908
      4.0250000   -0.028004712
      4.0500000   -0.028149019
      4.0750000   -0.028292828
      4.1000000   -0.028436138
      4.1250000   -0.028578945
      4.1500000   -0.028721247
      4.1750000   -0.028863043
      4.2000000   -0.029004330
      4.2250000   -0.029145107
      4.2500000   -0.029285370
      4.2750000   -0.029425119
      4.3000000   -0.029564350
      4.3250000   -0.029703062
      4.3500000   -0.029841253
      4.3750000   -0.029978921
      4.4000000   -0.030116064
      4.4250000   -0.030252679
      4.4500000   -0.030388766
      4.4750000   -0.030524321
      4.5000000   -0.030659343
      4.5250000   -0.030793831
      4.5500000   -0.030927781
      4.5750000   -0.031061193
      4.6000000   -0.031194063
      4.6250000   -0.031326392
      4.6500000   -0.031458176
      4.6750000   -0.031589414
      4.7000000   -0.031720103
      4.7250000   -0.031850243
      4.7500000   -0.031979832
      4.7750000   -0.032108866
      4.8000000   -0.032237346
      4.8250000   -0.032365269
      4.8500000   -0.032492633
      4.8750000   -0.032619437
      4.9000000   -0.032745679
      4.9250000   -0.032871357
      4.9500000   -0.032996470
      4.9750000   -0.033121016
      5.0000000   -0.033244993
      5.0250000   -0.033368400
      5.0500000   -0.033491235
      5.0750000   -0.033613497
      5.1000000   -0.033735184
      5.1250000   -0.033856294
      5.1500000   -0.033976826
      5.1750000   -0.034096779
      5.2000000   -0.034216151
      5.2250000   -0.034334940
      5.2500000   -0.034453145
      5.2750000   -0.034570765
      5.3000000   -0.034687798
      5.3250000   -0.034804242
      5.3500000   -0.034920097
      5.3750000   -0.035035361
      5.4000000   -0.035150033
      5.4250000   -0.035264111
      5.4500000   -0.035377593
      5.4750000   -0.035490479
      5.5000000   -0.035602768
      5.5250000   -0.035714457
      5.5500000   -0.035825547
      5.5750000   -0.035936034
      5.6000000   -0.036045920
      5.6250000   -0.036155201
      5.6500000   -0.036263877
      5.6750000   -0.036371946
      5.7000000   -0.036479408
      5.7250000   -0.036586262
      5.7500000   -0.036692506
      5.7750000   -0.036798139
      5.8000000   -0.036903160
      5.8250000   -0.037007568
      5.8500000   -0.037111361
      5.8750000   -0.037214540
      5.9000000   -0.037317103
      5.9250000   -0.037419048
      5.9500000   -0.037520375
      5.9750000   -0.037621083
      6.0000000   -0.037721171
      6.0250000   -0.037820637
      6.0500000   -0.037919482
      6.0750000   -0.038017704
      6.1000000   -0.038115302
      6.1250000   -0.038212275
      6.1500000   -0.038308623
      6.1750000   -0.038404345
      6.2000000   -0.038499439
      6.2250000   -0.038593905
      6.2500000   -0.038687742
      6.2750000   -0.038780950
      6.3000000   -0.038873528
      6.3250000   -0.038965474
      6.3500000   -0.039056789
      6.3750000   -0.039147471
      6.4000000   -0.039237520
      6.4250000   -0.039326935
      6.4500000   -0.039415715
      6.4750000   -0.039503861
      6.5000000   -0.039591370
      6.5250000   -0.039678243
      6.5500000   -0.039764480
      6.5750000   -0.039850078
      6.6000000   -0.039935039
      6.6250000   -0.040019361
      6.6500000   -0.040103043
      6.6750000   -0.040186086
      6.7000000   -0.040268489
      6.7250000   -0.040350251
      6.7500000   -0.040431372
      6.7750000   -0.040511852
      6.8000000   -0.040591690
      6.8250000   -0.040670885
      6.8500000   -0.040749437
      6.8750000   -0.040827347
      6.9000000   -0.040904613
      6.9250000   -0.040981235
      6.9500000   -0.041057213
      6.9750000   -0.041132547
      7.0000000   -0.041207235
      7.0250000   -0.041281279
      7.0500000   -0.041354678
      7.0750000   -0.041427431
      7.1000000   -0.041499539
      7.1250000   -0.041571000
      7.1500000   -0.041641816
      7.1750000   -0.041711985
      7.2000000   -0.041781508
      7.2250000   -0.041850384
      7.2500000   -0.041918613
      7.2750000   -0.041986196
      7.3000000   -0.042053132
      7.3250000   -0.042119421
      7.3500000   -0.042185063
      7.3750000   -0.042250058
      7.4000000   -0.042314406
      7.4250000   -0.042378106
      7.4500000   -0.042441160
      7.4750000   -0.042503567
      7.5000000   -0.042565326
      7.5250000   -0.042626439
      7.5500000   -0.042686905
      7.5750000   -0.042746724
      7.6000000   -0.042805896
      7.6250000   -0.042864422
      7.6500000   -0.042922301
      7.6750000   -0.042979534
      7.7000000   -0.043036121
      7.7250000   -0.043092061
      7.7500000   -0.043147357
      7.7750000   -0.043202006
      7.8000000   -0.043256011
      7.8250000   -0.043309370
      7.8500000   -0.043362085
      7.8750000   -0.043414155
      7.9000000   -0.043465580
      7.9250000   -0.043516362
      7.9500000   -0.043566501
      7.9750000   -0.043615996
      8.0000000   -0.043664848
      8.0250000   -0.043713058
      8.0500000   -0.043760625
      8.0750000   -0.043807551
      8.1000000   -0.043853835
      8.1250000   -0.043899479
      8.1500000   -0.043944482
      8.1750000   -0.043988845
      8.2000000   -0.044032569
      8.2250000   -0.044075654
      8.2500000   -0.044118100
      8.2750000   -0.044159908
      8.3000000   -0.044201079
      8.3250000   -0.044241613
      8.3500000   -0.044281510
      8.3750000   -0.044320772
      8.4000000   -0.044359399
      8.4250000   -0.044397391
      8.4500000   -0.044434749
      8.4750000   -0.044471474
      8.5000000   -0.044507566
      8.5250000   -0.044543026
      8.5500000   -0.044577855
      8.5750000   -0.044612053
      8.6000000   -0.044645622
      8.6250000   -0.044678561
      8.6500000   -0.044710872
      8.6750000   -0.044742555
      8.7000000   -0.044773612
      8.7250000   -0.044804042
      8.7500000   -0.044833847
      8.7750000   -0.044863027
      8.8000000   -0.044891584
      8.8250000   -0.044919517
      8.8500000   -0.044946829
      8.8750000   -0.044973520
      8.9000000   -0.044999590
      8.9250000   -0.045025041
      8.9500000   -0.045049874
      8.9750000   -0.045074089
      9.0000000   -0.045097687
      9.0250000   -0.045120670
      9.0500000   -0.045143038
      9.0750000   -0.045164792
      9.1000000   -0.045185933
      9.1250000   -0.045206463
      9.1500000   -0.045226382
      9.1750000   -0.045245691
      9.2000000   -0.045264391
      9.2250000   -0.045282484
      9.2500000   -0.045299970
      9.2750000   -0.045316850
      9.3000000   -0.045333127
      9.3250000   -0.045348799
      9.3500000   -0.045363870
      9.3750000   -0.045378339
      9.4000000   -0.045392209
      9.4250000   -0.045405480
      9.4500000   -0.045418153
      9.4750000   -0.045430229
      9.5000000   -0.045441710
      9.5250000   -0.045452597
      9.5500000   -0.045462891
      9.5750000   -0.045472594
      9.6000000   -0.045481706
      9.6250000   -0.045490229
      9.6500000   -0.045498164
      9.6750000   -0.045505512
      9.7000000   -0.045512275
      9.7250000   -0.045518453
      9.7500000   -0.045524049
      9.7750000   -0.045529064
      9.8000000   -0.045533498
      9.8250000   -0.045537353
      9.8500000   -0.045540631
      9.8750000   -0.045543333
      9.9000000   -0.045545460
      9.9250000   -0.045547014
      9.9500000   -0.045547995
      9.9750000   -0.045548406
      10.000000   -0.045548248
      10.025000   -0.045547522
      10.050000   -0.045546230
      10.075000   -0.045544373
      10.100000   -0.045541953
      10.125000   -0.045538970
      10.150000   -0.045535428
      10.175000   -0.045531326
      10.200000   -0.045526666
      10.225000   -0.045521451
      10.250000   -0.045515681
      10.275000   -0.045509359
      10.300000   -0.045502484
      10.325000   -0.045495060
      10.350000   -0.045487088
      10.375000   -0.045478569
      10.400000   -0.045469505
      10.425000   -0.045459897
      10.450000   -0.045449747
      10.475000   -0.045439057
      10.500000   -0.045427828
      10.525000   -0.045416062
      10.550000   -0.045403761
      10.575000   -0.045390925
      10.600000   -0.045377558
      10.625000   -0.045363659
      10.650000   -0.045349232
      10.675000   -0.045334278
      10.700000   -0.045318798
      10.725000   -0.045302794
      10.750000   -0.045286268
      10.775000   -0.045269222
      10.800000   -0.045251657
      10.825000   -0.045233575
      10.850000   -0.045214978
      10.875000   -0.045195867
      10.900000   -0.045176245
      10.925000   -0.045156112
      10.950000   -0.045135471
      10.975000   -0.045114324
      11.000000   -0.045092672
      11.025000   -0.045070517
      11.050000   -0.045047861
      11.075000   -0.045024706
      11.100000   -0.045001054
      11.125000   -0.044976905
      11.150000   -0.044952263
      11.175000   -0.044927129
      11.200000   -0.044901505
      11.225000   -0.044875392
      11.250000   -0.044848793
      11.275000   -0.044821710
      11.300000   -0.044794144
      11.325000   -0.044766097
      11.350000   -0.044737571
      11.375000   -0.044708568
      11.400000   -0.044679089
      11.425000   -0.044649138
      11.450000   -0.044618715
      11.475000   -0.044587823
      11.500000   -0.044556463
      11.525000   -0.044524638
      11.550000   -0.044492349
      11.575000   -0.044459598
      11.600000   -0.044426388
      11.625000   -0.044392720
      11.650000   -0.044358596
      11.675000   -0.044324018
      11.700000   -0.044288988
      11.725000   -0.044253508
      11.750000   -0.044217580
      11.775000   -0.044181207
      11.800000   -0.044144389
      11.825000   -0.044107129
      11.850000   -0.044069430
      11.875000   -0.044031292
      11.900000   -0.043992718
      11.925000   -0.043953711
      11.950000   -0.043914271
      11.975000   -0.043874402
      12.000000   -0.043834105
      12.025000   -0.043793382
      12.050000   -0.043752235
      12.075000   -0.043710666
      12.100000   -0.043668678
      12.125000   -0.043626272
      12.150000   -0.043583450
      12.175000   -0.043540215
      12.200000   -0.043496568
      12.225000   -0.043452512
      12.250000   -0.043408049
      12.275000   -0.043363180
      12.300000   -0.043317909
      12.325000   -0.043272236
      12.350000   -0.043226164
      12.375000   -0.043179695
      12.400000   -0.043132832
      12.425000   -0.043085575
      12.450000   -0.043037928
      12.475000   -0.042989893
      12.500000   -0.042941471
      12.525000   -0.042892665
      12.550000   -0.042843477
      12.575000   -0.042793908
      12.600000   -0.042743962
      12.625000   -0.042693640
      12.650000   -0.042642944
      12.675000   -0.042591877
      12.700000   -0.042540440
      12.725000   -0.042488636
      12.750000   -0.042436467
      12.775000   -0.042383935
      12.800000   -0.042331042
      12.825000   -0.042277790
      12.850000   -0.042224181
      12.875000   -0.042170218
      12.900000   -0.042115903
      12.925000   -0.042061238
      12.950000   -0.042006224
      12.975000   -0.041950865
      13.000000   -0.041895162
      13.025000   -0.041839118
      13.050000   -0.041782734
      13.075000   -0.041726013
      13.100000   -0.041668956
      13.125000   -0.041611567
      13.150000   -0.041553847
      13.175000   -0.041495799
      13.200000   -0.041437424
      13.225000   -0.041378725
      13.250000   -0.041319704
      13.275000   -0.041260363
      13.300000   -0.041200705
      13.325000   -0.041140730
      13.350000   -0.041080443
      13.375000   -0.041019844
      13.400000   -0.040958936
      13.425000   -0.040897721
      13.450000   -0.040836201
      13.475000   -0.040774379
      13.500000   -0.040712257
      13.525000   -0.040649836
      13.550000   -0.040587120
      13.575000   -0.040524109
      13.600000   -0.040460807
      13.625000   -0.040397216
      13.650000   -0.040333337
      13.675000   -0.040269173
      13.700000   -0.040204726
      13.725000   -0.040139998
      13.750000   -0.040074992
      13.775000   -0.040009709
      13.800000   -0.039944152
      13.825000   -0.039878322
      13.850000   -0.039812223
      13.875000   -0.039745856
      13.900000   -0.039679224
      13.925000   -0.039612328
      13.950000   -0.039545170
      13.975000   -0.039477754
      14.000000   -0.039410081
      14.025000   -0.039342153
      14.050000   -0.039273972
      14.075000   -0.039205541
      14.100000   -0.039136861
      14.125000   -0.039067936
      14.150000   -0.038998766
      14.175000   -0.038929355
      14.200000   -0.038859704
      14.225000   -0.038789815
      14.250000   -0.038719691
      14.275000   -0.038649334
      14.300000   -0.038578746
      14.325000   -0.038507929
      14.350000   -0.038436885
      14.375000   -0.038365616
      14.400000   -0.038294125
      14.425000   -0.038222413
      14.450000   -0.038150484
      14.475000   -0.038078338
      14.500000   -0.038005978
      14.525000   -0.037933406
      14.550000   -0.037860625
      14.575000   -0.037787636
      14.600000   -0.037714441
      14.625000   -0.037641043
      14.650000   -0.037567444
      14.675000   -0.037493646
      14.700000   -0.037419651
      14.725000   -0.037345461
      14.750000   -0.037271078
      14.775000   -0.037196504
      14.800000   -0.037121741
      14.825000   -0.037046793
      14.850000   -0.036971659
      14.875000   -0.036896344
      14.900000   -0.036820848
      14.925000   -0.036745173
      14.950000   -0.036669323
      14.975000   -0.036593299
      15.000000   -0.036517103
      15.025000   -0.036440737
      15.050000   -0.036364203
      15.075000   -0.036287503
      15.100000   -0.036210640
      15.125000   -0.036133615
      15.150000   -0.036056430
      15.175000   -0.035979088
      15.200000   -0.035901590
      15.225000   -0.035823939
      15.250000   -0.035746136
      15.275000   -0.035668184
      15.300000   -0.035590085
      15.325000   -0.035511840
      15.350000   -0.035433452
      15.375000   -0.035354923
      15.400000   -0.035276254
      15.425000   -0.035197448
      15.450000   -0.035118507
      15.475000   -0.035039432
      15.500000   -0.034960226
      15.525000   -0.034880891
      15.550000   -0.034801428
      15.575000   -0.034721841
      15.600000   -0.034642129
      15.625000   -0.034562296
      15.650000   -0.034482344
      15.675000   -0.034402275
      15.700000   -0.034322089
      15.725000   -0.034241791
      15.750000   -0.034161380
      15.775000   -0.034080860
      15.800000   -0.034000232
      15.825000   -0.033919499
      15.850000   -0.033838661
      15.875000   -0.033757722
      15.900000   -0.033676682
      15.925000   -0.033595544
      15.950000   -0.033514310
      15.975000   -0.033432982
      16.000000   -0.033351561
      16.025000   -0.033270050
      16.050000   -0.033188450
      16.075000   -0.033106764
      16.100000   -0.033024992
      16.125000   -0.032943137
      16.150000   -0.032861202
      16.175000   -0.032779187
      16.200000   -0.032697094
      16.225000   -0.032614926
      16.250000   -0.032532684
      16.275000   -0.032450370
      16.300000   -0.032367986
      16.325000   -0.032285534
      16.350000   -0.032203016
      16.375000   -0.032120432
      16.400000   -0.032037786
      16.425000   -0.031955079
      16.450000   -0.031872313
      16.475000   -0.031789489
      16.500000   -0.031706610
      16.525000   -0.031623676
      16.550000   -0.031540691
      16.575000   -0.031457655
      16.600000   -0.031374571
      16.625000   -0.031291440
      16.650000   -0.031208264
      16.675000   -0.031125044
      16.700000   -0.031041783
      16.725000   -0.030958482
      16.750000   -0.030875143
      16.775000   -0.030791767
      16.800000   -0.030708357
      16.825000   -0.030624914
      16.850000   -0.030541439
      16.875000   -0.030457935
      16.900000   -0.030374403
      16.925000   -0.030290845
      16.950000   -0.030207262
      16.975000   -0.030123656
      17.000000   -0.030040029
      17.025000   -0.029956382
      17.050000   -0.029872718
      17.075000   -0.029789037
      17.100000   -0.029705341
      17.125000   -0.029621633
      17.150000   -0.029537912
      17.175000   -0.029454183
      17.200000   -0.029370445
      17.225000   -0.029286700
      17.250000   -0.029202950
      17.275000   -0.029119197
      17.300000   -0.029035442
      17.325000   -0.028951687
      17.350000   -0.028867933
      17.375000   -0.028784182
      17.400000   -0.028700435
      17.425000   -0.028616695
      17.450000   -0.028532962
      17.475000   -0.028449238
      17.500000   -0.028365524
      17.525000   -0.028281822
      17.550000   -0.028198135
      17.575000   -0.028114462
      17.600000   -0.028030806
      17.625000   -0.027947167
      17.650000   -0.027863549
      17.675000   -0.027779951
      17.700000   -0.027696377
      17.725000   -0.027612826
      17.750000   -0.027529300
      17.775000   -0.027445801
      17.800000   -0.027362331
      17.825000   -0.027278890
      17.850000   -0.027195481
      17.875000   -0.027112104
      17.900000   -0.027028761
      17.925000   -0.026945454
      17.950000   -0.026862184
      17.975000   -0.026778951
      18.000000   -0.026695759
      18.025000   -0.026612607
      18.050000   -0.026529498
      18.075000   -0.026446432
      18.100000   -0.026363412
      18.125000   -0.026280438
      18.150000   -0.026197511
      18.175000   -0.026114634
      18.200000   -0.026031807
      18.225000   -0.025949032
      18.250000   -0.025866310
      18.275000   -0.025783642
      18.300000   -0.025701030
      18.325000   -0.025618475
      18.350000   -0.025535979
      18.375000   -0.025453541
      18.400000   -0.025371165
      18.425000   -0.025288850
      18.450000   -0.025206599
      18.475000   -0.025124412
      18.500000   -0.025042292
      18.525000   -0.024960238
      18.550000   -0.024878252
      18.575000   -0.024796336
      18.600000   -0.024714490
      18.625000   -0.024632717
      18.650000   -0.024551016
      18.675000   -0.024469390
      18.700000   -0.024387839
      18.725000   -0.024306365
      18.750000   -0.024224968
      18.775000   -0.024143650
      18.800000   -0.024062413
      18.825000   -0.023981256
      18.850000   -0.023900182
      18.875000   -0.023819192
      18.900000   -0.023738286
      18.925000   -0.023657466
      18.950000   -0.023576732
      18.975000   -0.023496087
      19.000000   -0.023415531
      19.025000   -0.023335064
      19.050000   -0.023254689
      19.075000   -0.023174406
      19.100000   -0.023094217
      19.125000   -0.023014121
      19.150000   -0.022934121
      19.175000   -0.022854218
      19.200000   -0.022774412
      19.225000   -0.022694705
      19.250000   -0.022615097
      19.275000   -0.022535589
      19.300000   -0.022456184
      19.325000   -0.022376880
      19.350000   -0.022297680
      19.375000   -0.022218585
      19.400000   -0.022139595
      19.425000   -0.022060712
      19.450000   -0.021981936
      19.475000   -0.021903268
      19.500000   -0.021824710
      19.525000   -0.021746262
      19.550000   -0.021667925
      19.575000   -0.021589700
      19.600000   -0.021511589
      19.625000   -0.021433591
      19.650000   -0.021355707
      19.675000   -0.021277940
      19.700000   -0.021200289
      19.725000   -0.021122756
      19.750000   -0.021045341
      19.775000   -0.020968045
      19.800000   -0.020890869
      19.825000   -0.020813815
      19.850000   -0.020736881
      19.875000   -0.020660071
      19.900000   -0.020583384
      19.925000   -0.020506821
      19.950000   -0.020430383
      19.975000   -0.020354071
      20.000000   -0.020277886
      20.025000   -0.020201828
      20.050000   -0.020125899
      20.075000   -0.020050098
      20.100000   -0.019974427
      20.125000   -0.019898887
      20.150000   -0.019823478
      20.175000   -0.019748201
      20.200000   -0.019673057
      20.225000   -0.019598047
      20.250000   -0.019523171
      20.275000   -0.019448429
      20.300000   -0.019373824
      20.325000   -0.019299355
      20.350000   -0.019225023
      20.375000   -0.019150828
      20.400000   -0.019076773
      20.425000   -0.019002856
      20.450000   -0.018929079
      20.475000   -0.018855443
      20.500000   -0.018781948
      20.525000   -0.018708595
      20.550000   -0.018635384
      20.575000   -0.018562316
      20.600000   -0.018489392
      20.625000   -0.018416613
      20.650000   -0.018343978
      20.675000   -0.018271489
      20.700000   -0.018199146
      20.725000   -0.018126950
      20.750000   -0.018054901
      20.775000   -0.017983001
      20.800000   -0.017911249
      20.825000   -0.017839646
      20.850000   -0.017768192
      20.875000   -0.017696889
      20.900000   -0.017625737
      20.925000   -0.017554736
      20.950000   -0.017483887
      20.975000   -0.017413190
      21.000000   -0.017342646
      21.025000   -0.017272256
      21.050000   -0.017202020
      21.075000   -0.017131938
      21.100000   -0.017062011
      21.125000   -0.016992239
      21.150000   -0.016922624
      21.175000   -0.016853164
      21.200000   -0.016783862
      21.225000   -0.016714717
      21.250000   -0.016645730
      21.275000   -0.016576901
      21.300000   -0.016508231
      21.325000   -0.016439720
      21.350000   -0.016371369
      21.375000   -0.016303177
      21.400000   -0.016235146
      21.425000   -0.016167276
      21.450000   -0.016099567
      21.475000   -0.016032020
      21.500000   -0.015964635
      21.525000   -0.015897412
      21.550000   -0.015830353
      21.575000   -0.015763456
      21.600000   -0.015696723
      21.625000   -0.015630154
      21.650000   -0.015563749
      21.675000   -0.015497509
      21.700000   -0.015431434
      21.725000   -0.015365525
      21.750000   -0.015299781
      21.775000   -0.015234203
      21.800000   -0.015168791
      21.825000   -0.015103546
      21.850000   -0.015038468
      21.875000   -0.014973557
      21.900000   -0.014908814
      21.925000   -0.014844239
      21.950000   -0.014779832
      21.975000   -0.014715594
      22.000000   -0.014651524
      22.025000   -0.014587623
      22.050000   -0.014523892
      22.075000   -0.014460330
      22.100000   -0.014396937
      22.125000   -0.014333715
      22.150000   -0.014270663
      22.175000   -0.014207782
      22.200000   -0.014145071
      22.225000   -0.014082532
      22.250000   -0.014020163
      22.275000   -0.013957966
      22.300000   -0.013895941
      22.325000   -0.013834088
      22.350000   -0.013772406
      22.375000   -0.013710897
      22.400000   -0.013649560
      22.425000   -0.013588396
      22.450000   -0.013527404
      22.475000   -0.013466586
      22.500000   -0.013405940
      22.525000   -0.013345468
      22.550000   -0.013285170
      22.575000   -0.013225045
      22.600000   -0.013165093
      22.625000   -0.013105316
      22.650000   -0.013045712
      22.675000   -0.012986283
      22.700000   -0.012927028
      22.725000   -0.012867947
      22.750000   -0.012809041
      22.775000   -0.012750310
      22.800000   -0.012691753
      22.825000   -0.012633371
      22.850000   -0.012575164
      22.875000   -0.012517132
      22.900000   -0.012459275
      22.925000   -0.012401594
      22.950000   -0.012344087
      22.975000   -0.012286756
      23.000000   -0.012229601
      23.025000   -0.012172620
      23.050000   -0.012115816
      23.075000   -0.012059187
      23.100000   -0.012002733
      23.125000   -0.011946455
      23.150000   -0.011890353
      23.175000   -0.011834427
      23.200000   -0.011778677
      23.225000   -0.011723102
      23.250000   -0.011667703
      23.275000   -0.011612480
      23.300000   -0.011557432
      23.325000   -0.011502561
      23.350000   -0.011447866
      23.375000   -0.011393346
      23.400000   -0.011339002
      23.425000   -0.011284834
      23.450000   -0.011230842
      23.475000   -0.011177026
      23.500000   -0.011123385
      23.525000   -0.011069920
      23.550000   -0.011016631
      23.575000   -0.010963518
      23.600000   -0.010910580
      23.625000   -0.010857818
      23.650000   -0.010805231
      23.675000   -0.010752820
      23.700000   -0.010700585
      23.725000   -0.010648524
      23.750000   -0.010596640
      23.775000   -0.010544930
      23.800000   -0.010493395
      23.825000   -0.010442036
      23.850000   -0.010390852
      23.875000   -0.010339842
      23.900000   -0.010289008
      23.925000   -0.010238348
      23.950000   -0.010187863
      23.975000   -0.010137553
      24.000000   -0.010087417
      24.025000   -0.010037455
      24.050000  -0.0099876677
      24.075000  -0.0099380545
      24.100000  -0.0098886153
      24.125000  -0.0098393499
      24.150000  -0.0097902584
      24.175000  -0.0097413405
      24.200000  -0.0096925961
      24.225000  -0.0096440251
      24.250000  -0.0095956273
      24.275000  -0.0095474026
      24.300000  -0.0094993509
      24.325000  -0.0094514720
      24.350000  -0.0094037657
      24.375000  -0.0093562319
      24.400000  -0.0093088705
      24.425000  -0.0092616812
      24.450000  -0.0092146639
      24.475000  -0.0091678184
      24.500000  -0.0091211447
      24.525000  -0.0090746424
      24.550000  -0.0090283114
      24.575000  -0.0089821515
      24.600000  -0.0089361626
      24.625000  -0.0088903444
      24.650000  -0.0088446968
      24.675000  -0.0087992195
      24.700000  -0.0087539124
      24.725000  -0.0087087753
      24.750000  -0.0086638080
      24.775000  -0.0086190101
      24.800000  -0.0085743817
      24.825000  -0.0085299223
      24.850000  -0.0084856319
      24.875000  -0.0084415102
      24.900000  -0.0083975570
      24.925000  -0.0083537720
      24.950000  -0.0083101550
      24.975000  -0.0082667058
      25.000000  -0.0082234242
      25.025000  -0.0081803099
      25.050000  -0.0081373628
      25.075000  -0.0080945824
      25.100000  -0.0080519687
      25.125000  -0.0080095213
      25.150000  -0.0079672401
      25.175000  -0.0079251247
      25.200000  -0.0078831749
      25.225000  -0.0078413904
      25.250000  -0.0077997711
      25.275000  -0.0077583166
      25.300000  -0.0077170266
      25.325000  -0.0076759010
      25.350000  -0.0076349394
      25.375000  -0.0075941415
      25.400000  -0.0075535072
      25.425000  -0.0075130360
      25.450000  -0.0074727278
      25.475000  -0.0074325823
      25.500000  -0.0073925991
      25.525000  -0.0073527780
      25.550000  -0.0073131187
      25.575000  -0.0072736209
      25.600000  -0.0072342844
      25.625000  -0.0071951088
      25.650000  -0.0071560938
      25.675000  -0.0071172391
      25.700000  -0.0070785445
      25.725000  -0.0070400096
      25.750000  -0.0070016342
      25.775000  -0.0069634178
      25.800000  -0.0069253603
      25.825000  -0.0068874613
      25.850000  -0.0068497205
      25.875000  -0.0068121375
      25.900000  -0.0067747122
      25.925000  -0.0067374440
      25.950000  -0.0067003329
      25.975000  -0.0066633783
      26.000000  -0.0066265800
      26.025000  -0.0065899376
      26.050000  -0.0065534509
      26.075000  -0.0065171195
      26.100000  -0.0064809430
      26.125000  -0.0064449212
      26.150000  -0.0064090537
      26.175000  -0.0063733402
      26.200000  -0.0063377803
      26.225000  -0.0063023737
      26.250000  -0.0062671201
      26.275000  -0.0062320191
      26.300000  -0.0061970703
      26.325000  -0.0061622735
      26.350000  -0.0061276283
      26.375000  -0.0060931343
      26.400000  -0.0060587911
      26.425000  -0.0060245985
      26.450000  -0.0059905561
      26.475000  -0.0059566635
      26.500000  -0.0059229204
      26.525000  -0.0058893264
      26.550000  -0.0058558812
      26.575000  -0.0058225843
      26.600000  -0.0057894355
      26.625000  -0.0057564344
      26.650000  -0.0057235806
      26.675000  -0.0056908737
      26.700000  -0.0056583134
      26.725000  -0.0056258993
      26.750000  -0.0055936311
      26.775000  -0.0055615083
      26.800000  -0.0055295307
      26.825000  -0.0054976978
      26.850000  -0.0054660093
      26.875000  -0.0054344647
      26.900000  -0.0054030638
      26.925000  -0.0053718061
      26.950000  -0.0053406913
      26.975000  -0.0053097189
      27.000000  -0.0052788887
      27.025000  -0.0052482002
      27.050000  -0.0052176530
      27.075000  -0.0051872468
      27.100000  -0.0051569812
      27.125000  -0.0051268557
      27.150000  -0.0050968701
      27.175000  -0.0050670239
      27.200000  -0.0050373168
      27.225000  -0.0050077483
      27.250000  -0.0049783181
      27.275000  -0.0049490257
      27.300000  -0.0049198708
      27.325000  -0.0048908531
      27.350000  -0.0048619720
      27.375000  -0.0048332273
      27.400000  -0.0048046184
      27.425000  -0.0047761451
      27.450000  -0.0047478070
      27.475000  -0.0047196035
      27.500000  -0.0046915344
      27.525000  -0.0046635993
      27.550000  -0.0046357977
      27.575000  -0.0046081293
      27.600000  -0.0045805936
      27.625000  -0.0045531903
      27.650000  -0.0045259189
      27.675000  -0.0044987791
      27.700000  -0.0044717705
      27.725000  -0.0044448926
      27.750000  -0.0044181451
      27.775000  -0.0043915275
      27.800000  -0.0043650395
      27.825000  -0.0043386806
      27.850000  -0.0043124505
      27.875000  -0.0042863487
      27.900000  -0.0042603749
      27.925000  -0.0042345286
      27.950000  -0.0042088094
      27.975000  -0.0041832170
      28.000000  -0.0041577509
      28.025000  -0.0041324107
      28.050000  -0.0041071960
      28.075000  -0.0040821065
      28.100000  -0.0040571416
      28.125000  -0.0040323010
      28.150000  -0.0040075843
      28.175000  -0.0039829911
      28.200000  -0.0039585210
      28.225000  -0.0039341735
      28.250000  -0.0039099483
      28.275000  -0.0038858450
      28.300000  -0.0038618630
      28.325000  -0.0038380022
      28.350000  -0.0038142619
      28.375000  -0.0037906419
      28.400000  -0.0037671416
      28.425000  -0.0037437608
      28.450000  -0.0037204990
      28.475000  -0.0036973557
      28.500000  -0.0036743306
      28.525000  -0.0036514233
      28.550000  -0.0036286334
      28.575000  -0.0036059604
      28.600000  -0.0035834039
      28.625000  -0.0035609635
      28.650000  -0.0035386389
      28.675000  -0.0035164296
      28.700000  -0.0034943352
      28.725000  -0.0034723553
      28.750000  -0.0034504895
      28.775000  -0.0034287373
      28.800000  -0.0034070985
      28.825000  -0.0033855724
      28.850000  -0.0033641589
      28.875000  -0.0033428574
      28.900000  -0.0033216675
      28.925000  -0.0033005888
      28.950000  -0.0032796210
      28.975000  -0.0032587636
      29.000000  -0.0032380162
      29.025000  -0.0032173784
      29.050000  -0.0031968497
      29.075000  -0.0031764299
      29.100000  -0.0031561185
      29.125000  -0.0031359150
      29.150000  -0.0031158191
      29.175000  -0.0030958303
      29.200000  -0.0030759483
      29.225000  -0.0030561727
      29.250000  -0.0030365030
      29.275000  -0.0030169388
      29.300000  -0.0029974798
      29.325000  -0.0029781256
      29.350000  -0.0029588756
      29.375000  -0.0029397296
      29.400000  -0.0029206871
      29.425000  -0.0029017477
      29.450000  -0.0028829111
      29.475000  -0.0028641767
      29.500000  -0.0028455443
      29.525000  -0.0028270134
      29.550000  -0.0028085837
      29.575000  -0.0027902546
      29.600000  -0.0027720258
      29.625000  -0.0027538970
      29.650000  -0.0027358677
      29.675000  -0.0027179375
      29.700000  -0.0027001061
      29.725000  -0.0026823729
      29.750000  -0.0026647377
      29.775000  -0.0026472001
      29.800000  -0.0026297595
      29.825000  -0.0026124157
      29.850000  -0.0025951683
      29.875000  -0.0025780168
      29.900000  -0.0025609609
      29.925000  -0.0025440001
      29.950000  -0.0025271341
      29.975000  -0.0025103625
      30.000000  -0.0024936849
      30.025000  -0.0024771009
      30.050000  -0.0024606101
      30.075000  -0.0024442122
      30.100000  -0.0024279066
      30.125000  -0.0024116931
      30.150000  -0.0023955713
      30.175000  -0.0023795407
      30.200000  -0.0023636010
      30.225000  -0.0023477518
      30.250000  -0.0023319927
      30.275000  -0.0023163234
      30.300000  -0.0023007434
      30.325000  -0.0022852523
      30.350000  -0.0022698498
      30.375000  -0.0022545356
      30.400000  -0.0022393091
      30.425000  -0.0022241701
      30.450000  -0.0022091181
      30.475000  -0.0021941528
      30.500000  -0.0021792738
      30.525000  -0.0021644807
      30.550000  -0.0021497732
      30.575000  -0.0021351508
      30.600000  -0.0021206132
      30.625000  -0.0021061601
      30.650000  -0.0020917909
      30.675000  -0.0020775055
      30.700000  -0.0020633033
      30.725000  -0.0020491841
      30.750000  -0.0020351474
      30.775000  -0.0020211930
      30.800000  -0.0020073203
      30.825000  -0.0019935291
      30.850000  -0.0019798189
      30.875000  -0.0019661895
      30.900000  -0.0019526404
      30.925000  -0.0019391713
      30.950000  -0.0019257818
      30.975000  -0.0019124716
      31.000000  -0.0018992403
      31.025000  -0.0018860874
      31.050000  -0.0018730128
      31.075000  -0.0018600160
      31.100000  -0.0018470966
      31.125000  -0.0018342543
      31.150000  -0.0018214887
      31.175000  -0.0018087996
      31.200000  -0.0017961864
      31.225000  -0.0017836489
      31.250000  -0.0017711867
      31.275000  -0.0017587995
      31.300000  -0.0017464868
      31.325000  -0.0017342485
      31.350000  -0.0017220840
      31.375000  -0.0017099931
      31.400000  -0.0016979754
      31.425000  -0.0016860305
      31.450000  -0.0016741581
      31.475000  -0.0016623580
      31.500000  -0.0016506296
      31.525000  -0.0016389727
      31.550000  -0.0016273869
      31.575000  -0.0016158720
      31.600000  -0.0016044274
      31.625000  -0.0015930530
      31.650000  -0.0015817483
      31.675000  -0.0015705131
      31.700000  -0.0015593470
      31.725000  -0.0015482496
      31.750000  -0.0015372206
      31.775000  -0.0015262597
      31.800000  -0.0015153666
      31.825000  -0.0015045409
      31.850000  -0.0014937822
      31.875000  -0.0014830903
      31.900000  -0.0014724649
      31.925000  -0.0014619055
      31.950000  -0.0014514119
      31.975000  -0.0014409837
      32.000000  -0.0014306207
      32.025000  -0.0014203224
      32.050000  -0.0014100886
      32.075000  -0.0013999189
      32.100000  -0.0013898130
      32.125000  -0.0013797707
      32.150000  -0.0013697915
      32.175000  -0.0013598751
      32.200000  -0.0013500213
      32.225000  -0.0013402298
      32.250000  -0.0013305001
      32.275000  -0.0013208320
      32.300000  -0.0013112252
      32.325000  -0.0013016793
      32.350000  -0.0012921941
      32.375000  -0.0012827693
      32.400000  -0.0012734044
      32.425000  -0.0012640993
      32.450000  -0.0012548536
      32.475000  -0.0012456670
      32.500000  -0.0012365391
      32.525000  -0.0012274698
      32.550000  -0.0012184586
      32.575000  -0.0012095054
      32.600000  -0.0012006097
      32.625000  -0.0011917713
      32.650000  -0.0011829899
      32.675000  -0.0011742651
      32.700000  -0.0011655967
      32.725000  -0.0011569844
      32.750000  -0.0011484279
      32.775000  -0.0011399269
      32.800000  -0.0011314811
      32.825000  -0.0011230902
      32.850000  -0.0011147539
      32.875000  -0.0011064720
      32.900000  -0.0010982440
      32.925000  -0.0010900698
      32.950000  -0.0010819491
      32.975000  -0.0010738815
      33.000000  -0.0010658669
      33.025000  -0.0010579048
      33.050000  -0.0010499950
      33.075000  -0.0010421373
      33.100000  -0.0010343313
      33.125000  -0.0010265767
      33.150000  -0.0010188734
      33.175000  -0.0010112210
      33.200000  -0.0010036192
      33.225000 -0.00099606777
      33.250000 -0.00098856642
      33.275000 -0.00098111488
      33.300000 -0.00097371287
      33.325000 -0.00096636012
      33.350000 -0.00095905637
      33.375000 -0.00095180133
      33.400000 -0.00094459474
      33.425000 -0.00093743633
      33.450000 -0.00093032584
      33.475000 -0.00092326299
      33.500000 -0.00091624753
      33.525000 -0.00090927919
      33.550000 -0.00090235770
      33.575000 -0.00089548281
      33.600000 -0.00088865425
      33.625000 -0.00088187176
      33.650000 -0.00087513508
      33.675000 -0.00086844396
      33.700000 -0.00086179814
      33.725000 -0.00085519736
      33.750000 -0.00084864137
      33.775000 -0.00084212991
      33.800000 -0.00083566274
      33.825000 -0.00082923959
      33.850000 -0.00082286022
      33.875000 -0.00081652438
      33.900000 -0.00081023182
      33.925000 -0.00080398230
      33.950000 -0.00079777555
      33.975000 -0.00079161135
      34.000000 -0.00078548944
      34.025000 -0.00077940959
      34.050000 -0.00077337154
      34.075000 -0.00076737506
      34.100000 -0.00076141991
      34.125000 -0.00075550584
      34.150000 -0.00074963262
      34.175000 -0.00074380001
      34.200000 -0.00073800778
      34.225000 -0.00073225568
      34.250000 -0.00072654349
      34.275000 -0.00072087097
      34.300000 -0.00071523789
      34.325000 -0.00070964401
      34.350000 -0.00070408911
      34.375000 -0.00069857296
      34.400000 -0.00069309532
      34.425000 -0.00068765597
      34.450000 -0.00068225469
      34.475000 -0.00067689124
      34.500000 -0.00067156541
      34.525000 -0.00066627697
      34.550000 -0.00066102570
      34.575000 -0.00065581137
      34.600000 -0.00065063377
      34.625000 -0.00064549267
      34.650000 -0.00064038786
      34.675000 -0.00063531912
      34.700000 -0.00063028623
      34.725000 -0.00062528898
      34.750000 -0.00062032715
      34.775000 -0.00061540053
      34.800000 -0.00061050891
      34.825000 -0.00060565207
      34.850000 -0.00060082980
      34.875000 -0.00059604189
      34.900000 -0.00059128814
      34.925000 -0.00058656834
      34.950000 -0.00058188227
      34.975000 -0.00057722974
      35.000000 -0.00057261054
      35.025000 -0.00056802446
      35.050000 -0.00056347130
      35.075000 -0.00055895086
      35.100000 -0.00055446294
      35.125000 -0.00055000734
      35.150000 -0.00054558385
      35.175000 -0.00054119229
      35.200000 -0.00053683244
      35.225000 -0.00053250412
      35.250000 -0.00052820714
      35.275000 -0.00052394128
      35.300000 -0.00051970637
      35.325000 -0.00051550221
      35.350000 -0.00051132860
      35.375000 -0.00050718536
      35.400000 -0.00050307230
      35.425000 -0.00049898923
      35.450000 -0.00049493595
      35.475000 -0.00049091228
      35.500000 -0.00048691804
      35.525000 -0.00048295304
      35.550000 -0.00047901710
      35.575000 -0.00047511002
      35.600000 -0.00047123164
      35.625000 -0.00046738176
      35.650000 -0.00046356021
      35.675000 -0.00045976680
      35.700000 -0.00045600137
      35.725000 -0.00045226372
      35.750000 -0.00044855368
      35.775000 -0.00044487108
      35.800000 -0.00044121574
      35.825000 -0.00043758749
      35.850000 -0.00043398614
      35.875000 -0.00043041154
      35.900000 -0.00042686350
      35.925000 -0.00042334185
      35.950000 -0.00041984644
      35.975000 -0.00041637707
      36.000000 -0.00041293360
      36.025000 -0.00040951584
      36.050000 -0.00040612364
      36.075000 -0.00040275682
      36.100000 -0.00039941523
      36.125000 -0.00039609869
      36.150000 -0.00039280705
      36.175000 -0.00038954014
      36.200000 -0.00038629780
      36.225000 -0.00038307987
      36.250000 -0.00037988619
      36.275000 -0.00037671660
      36.300000 -0.00037357094
      36.325000 -0.00037044905
      36.350000 -0.00036735079
      36.375000 -0.00036427598
      36.400000 -0.00036122448
      36.425000 -0.00035819614
      36.450000 -0.00035519079
      36.475000 -0.00035220829
      36.500000 -0.00034924849
      36.525000 -0.00034631123
      36.550000 -0.00034339636
      36.575000 -0.00034050374
      36.600000 -0.00033763322
      36.625000 -0.00033478464
      36.650000 -0.00033195787
      36.675000 -0.00032915275
      36.700000 -0.00032636915
      36.725000 -0.00032360690
      36.750000 -0.00032086589
      36.775000 -0.00031814595
      36.800000 -0.00031544694
      36.825000 -0.00031276874
      36.850000 -0.00031011119
      36.875000 -0.00030747415
      36.900000 -0.00030485749
      36.925000 -0.00030226107
      36.950000 -0.00029968475
      36.975000 -0.00029712840
      37.000000 -0.00029459187
      37.025000 -0.00029207503
      37.050000 -0.00028957776
      37.075000 -0.00028709990
      37.100000 -0.00028464134
      37.125000 -0.00028220194
      37.150000 -0.00027978157
      37.175000 -0.00027738009
      37.200000 -0.00027499739
      37.225000 -0.00027263332
      37.250000 -0.00027028775
      37.275000 -0.00026796058
      37.300000 -0.00026565165
      37.325000 -0.00026336085
      37.350000 -0.00026108806
      37.375000 -0.00025883315
      37.400000 -0.00025659598
      37.425000 -0.00025437645
      37.450000 -0.00025217443
      37.475000 -0.00024998979
      37.500000 -0.00024782241
      37.525000 -0.00024567218
      37.550000 -0.00024353897
      37.575000 -0.00024142267
      37.600000 -0.00023932315
      37.625000 -0.00023724030
      37.650000 -0.00023517400
      37.675000 -0.00023312413
      37.700000 -0.00023109058
      37.725000 -0.00022907323
      37.750000 -0.00022707198
      37.775000 -0.00022508670
      37.800000 -0.00022311728
      37.825000 -0.00022116361
      37.850000 -0.00021922557
      37.875000 -0.00021730307
      37.900000 -0.00021539598
      37.925000 -0.00021350419
      37.950000 -0.00021162760
      37.975000 -0.00020976611
      38.000000 -0.00020791959
      38.025000 -0.00020608794
      38.050000 -0.00020427107
      38.075000 -0.00020246885
      38.100000 -0.00020068119
      38.125000 -0.00019890798
      38.150000 -0.00019714912
      38.175000 -0.00019540450
      38.200000 -0.00019367402
      38.225000 -0.00019195759
      38.250000 -0.00019025509
      38.275000 -0.00018856642
      38.300000 -0.00018689149
      38.325000 -0.00018523020
      38.350000 -0.00018358245
      38.375000 -0.00018194814
      38.400000 -0.00018032716
      38.425000 -0.00017871944
      38.450000 -0.00017712485
      38.475000 -0.00017554333
      38.500000 -0.00017397475
      38.525000 -0.00017241904
      38.550000 -0.00017087610
      38.575000 -0.00016934582
      38.600000 -0.00016782813
      38.625000 -0.00016632293
      38.650000 -0.00016483012
      38.675000 -0.00016334962
      38.700000 -0.00016188133
      38.725000 -0.00016042516
      38.750000 -0.00015898103
      38.775000 -0.00015754884
      38.800000 -0.00015612851
      38.825000 -0.00015471995
      38.850000 -0.00015332306
      38.875000 -0.00015193777
      38.900000 -0.00015056399
      38.925000 -0.00014920163
      38.950000 -0.00014785061
      38.975000 -0.00014651084
      39.000000 -0.00014518224
      39.025000 -0.00014386472
      39.050000 -0.00014255820
      39.075000 -0.00014126261
      39.100000 -0.00013997785
      39.125000 -0.00013870384
      39.150000 -0.00013744051
      39.175000 -0.00013618777
      39.200000 -0.00013494555
      39.225000 -0.00013371376
      39.250000 -0.00013249232
      39.275000 -0.00013128117
      39.300000 -0.00013008021
      39.325000 -0.00012888938
      39.350000 -0.00012770859
      39.375000 -0.00012653777
      39.400000 -0.00012537685
      39.425000 -0.00012422574
      39.450000 -0.00012308437
      39.475000 -0.00012195268
      39.500000 -0.00012083058
      39.525000 -0.00011971800
      39.550000 -0.00011861487
      39.575000 -0.00011752111
      39.600000 -0.00011643666
      39.625000 -0.00011536145
      39.650000 -0.00011429539
      39.675000 -0.00011323843
      39.700000 -0.00011219049
      39.725000 -0.00011115149
      39.750000 -0.00011012139
      39.775000 -0.00010910009
      39.800000 -0.00010808754
      39.825000 -0.00010708367
      39.850000 -0.00010608842
      39.875000 -0.00010510170
      39.900000 -0.00010412346
      39.925000 -0.00010315364
      39.950000 -0.00010219216
      39.975000 -0.00010123896
      40.000000 -0.00010029398
      40.025000 -9.9357147E-05
      40.050000 -9.8428406E-05
      40.075000 -9.7507691E-05
      40.100000 -9.6594938E-05
      40.125000 -9.5690085E-05
      40.150000 -9.4793070E-05
      40.175000 -9.3903832E-05
      40.200000 -9.3022309E-05
      40.225000 -9.2148441E-05
      40.250000 -9.1282167E-05
      40.275000 -9.0423428E-05
      40.300000 -8.9572163E-05
      40.325000 -8.8728314E-05
      40.350000 -8.7891822E-05
      40.375000 -8.7062629E-05
      40.400000 -8.6240676E-05
      40.425000 -8.5425908E-05
      40.450000 -8.4618265E-05
      40.475000 -8.3817692E-05
      40.500000 -8.3024133E-05
      40.525000 -8.2237531E-05
      40.550000 -8.1457831E-05
      40.575000 -8.0684978E-05
      40.600000 -7.9918917E-05
      40.625000 -7.9159594E-05
      40.650000 -7.8406955E-05
      40.675000 -7.7660946E-05
      40.700000 -7.6921514E-05
      40.725000 -7.6188606E-05
      40.750000 -7.5462170E-05
      40.775000 -7.4742153E-05
      40.800000 -7.4028505E-05
      40.825000 -7.3321172E-05
      40.850000 -7.2620106E-05
      40.875000 -7.1925254E-05
      40.900000 -7.1236566E-05
      40.925000 -7.0553994E-05
      40.950000 -6.9877486E-05
      40.975000 -6.9206994E-05
      41.000000 -6.8542470E-05
      41.025000 -6.7883864E-05
      41.050000 -6.7231128E-05
      41.075000 -6.6584214E-05
      41.100000 -6.5943076E-05
      41.125000 -6.5307665E-05
      41.150000 -6.4677936E-05
      41.175000 -6.4053841E-05
      41.200000 -6.3435335E-05
      41.225000 -6.2822371E-05
      41.250000 -6.2214905E-05
      41.275000 -6.1612890E-05
      41.300000 -6.1016283E-05
      41.325000 -6.0425039E-05
      41.350000 -5.9839113E-05
      41.375000 -5.9258462E-05
      41.400000 -5.8683042E-05
      41.425000 -5.8112811E-05
      41.450000 -5.7547724E-05
      41.475000 -5.6987740E-05
      41.500000 -5.6432816E-05
      41.525000 -5.5882911E-05
      41.550000 -5.5337982E-05
      41.575000 -5.4797989E-05
      41.600000 -5.4262890E-05
      41.625000 -5.3732644E-05
      41.650000 -5.3207212E-05
      41.675000 -5.2686553E-05
      41.700000 -5.2170626E-05
      41.725000 -5.1659394E-05
      41.750000 -5.1152815E-05
      41.775000 -5.0650852E-05
      41.800000 -5.0153466E-05
      41.825000 -4.9660618E-05
      41.850000 -4.9172270E-05
      41.875000 -4.8688384E-05
      41.900000 -4.8208924E-05
      41.925000 -4.7733850E-05
      41.950000 -4.7263128E-05
      41.975000 -4.6796719E-05
      42.000000 -4.6334587E-05
      42.025000 -4.5876697E-05
      42.050000 -4.5423012E-05
      42.075000 -4.4973497E-05
      42.100000 -4.4528117E-05
      42.125000 -4.4086835E-05
      42.150000 -4.3649618E-05
      42.175000 -4.3216431E-05
      42.200000 -4.2787240E-05
      42.225000 -4.2362010E-05
      42.250000 -4.1940708E-05
      42.275000 -4.1523300E-05
      42.300000 -4.1109753E-05
      42.325000 -4.0700035E-05
      42.350000 -4.0294111E-05
      42.375000 -3.9891950E-05
      42.400000 -3.9493520E-05
      42.425000 -3.9098787E-05
      42.450000 -3.8707722E-05
      42.475000 -3.8320291E-05
      42.500000 -3.7936465E-05
      42.525000 -3.7556211E-05
      42.550000 -3.7179498E-05
      42.575000 -3.6806298E-05
      42.600000 -3.6436578E-05
      42.625000 -3.6070309E-05
      42.650000 -3.5707460E-05
      42.675000 -3.5348003E-05
      42.700000 -3.4991908E-05
      42.725000 -3.4639146E-05
      42.750000 -3.4289687E-05
      42.775000 -3.3943504E-05
      42.800000 -3.3600566E-05
      42.825000 -3.3260847E-05
      42.850000 -3.2924318E-05
      42.875000 -3.2590951E-05
      42.900000 -3.2260718E-05
      42.925000 -3.1933593E-05
      42.950000 -3.1609547E-05
      42.975000 -3.1288554E-05
      43.000000 -3.0970588E-05
      43.025000 -3.0655620E-05
      43.050000 -3.0343626E-05
      43.075000 -3.0034578E-05
      43.100000 -2.9728452E-05
      43.125000 -2.9425220E-05
      43.150000 -2.9124858E-05
      43.175000 -2.8827341E-05
      43.200000 -2.8532642E-05
      43.225000 -2.8240738E-05
      43.250000 -2.7951602E-05
      43.275000 -2.7665212E-05
      43.300000 -2.7381541E-05
      43.325000 -2.7100567E-05
      43.350000 -2.6822265E-05
      43.375000 -2.6546612E-05
      43.400000 -2.6273583E-05
      43.425000 -2.6003155E-05
      43.450000 -2.5735306E-05
      43.475000 -2.5470011E-05
      43.500000 -2.5207249E-05
      43.525000 -2.4946996E-05
      43.550000 -2.4689230E-05
      43.575000 -2.4433928E-05
      43.600000 -2.4181069E-05
      43.625000 -2.3930630E-05
      43.650000 -2.3682590E-05
      43.675000 -2.3436927E-05
      43.700000 -2.3193619E-05
      43.725000 -2.2952645E-05
      43.750000 -2.2713985E-05
      43.775000 -2.2477617E-05
      43.800000 -2.2243520E-05
      43.825000 -2.2011674E-05
      43.850000 -2.1782058E-05
      43.875000 -2.1554652E-05
      43.900000 -2.1329437E-05
      43.925000 -2.1106391E-05
      43.950000 -2.0885495E-05
      43.975000 -2.0666730E-05
      44.000000 -2.0450076E-05
      44.025000 -2.0235514E-05
      44.050000 -2.0023024E-05
      44.075000 -1.9812588E-05
      44.100000 -1.9604186E-05
      44.125000 -1.9397801E-05
      44.150000 -1.9193413E-05
      44.175000 -1.8991004E-05
      44.200000 -1.8790556E-05
      44.225000 -1.8592051E-05
      44.250000 -1.8395470E-05
      44.275000 -1.8200796E-05
      44.300000 -1.8008012E-05
      44.325000 -1.7817099E-05
      44.350000 -1.7628041E-05
      44.375000 -1.7440820E-05
      44.400000 -1.7255419E-05
      44.425000 -1.7071821E-05
      44.450000 -1.6890010E-05
      44.475000 -1.6709968E-05
      44.500000 -1.6531679E-05
      44.525000 -1.6355127E-05
      44.550000 -1.6180295E-05
      44.575000 -1.6007167E-05
      44.600000 -1.5835728E-05
      44.625000 -1.5665961E-05
      44.650000 -1.5497851E-05
      44.675000 -1.5331381E-05
      44.700000 -1.5166537E-05
      44.725000 -1.5003304E-05
      44.750000 -1.4841665E-05
      44.775000 -1.4681606E-05
      44.800000 -1.4523112E-05
      44.825000 -1.4366168E-05
      44.850000 -1.4210759E-05
      44.875000 -1.4056871E-05
      44.900000 -1.3904489E-05
      44.925000 -1.3753599E-05
      44.950000 -1.3604186E-05
      44.975000 -1.3456237E-05
      45.000000 -1.3309737E-05
      45.025000 -1.3164672E-05
      45.050000 -1.3021029E-05
      45.075000 -1.2878794E-05
      45.100000 -1.2737953E-05
      45.125000 -1.2598494E-05
      45.150000 -1.2460402E-05
      45.175000 -1.2323664E-05
      45.200000 -1.2188267E-05
      45.225000 -1.2054199E-05
      45.250000 -1.1921446E-05
      45.275000 -1.1789995E-05
      45.300000 -1.1659835E-05
      45.325000 -1.1530951E-05
      45.350000 -1.1403332E-05
      45.375000 -1.1276966E-05
      45.400000 -1.1151840E-05
      45.425000 -1.1027941E-05
      45.450000 -1.0905259E-05
      45.475000 -1.0783780E-05
      45.500000 -1.0663493E-05
      45.525000 -1.0544387E-05
      45.550000 -1.0426449E-05
      45.575000 -1.0309668E-05
      45.600000 -1.0194032E-05
      45.625000 -1.0079530E-05
      45.650000 -9.9661514E-06
      45.675000 -9.8538840E-06
      45.700000 -9.7427170E-06
      45.725000 -9.6326394E-06
      45.750000 -9.5236403E-06
      45.775000 -9.4157088E-06
      45.800000 -9.3088342E-06
      45.825000 -9.2030058E-06
      45.850000 -9.0982129E-06
      45.875000 -8.9944453E-06
      45.900000 -8.8916923E-06
      45.925000 -8.7899438E-06
      45.950000 -8.6891894E-06
      45.975000 -8.5894191E-06
      46.000000 -8.4906227E-06
      46.025000 -8.3927904E-06
      46.050000 -8.2959121E-06
      46.075000 -8.1999780E-06
      46.100000 -8.1049785E-06
      46.125000 -8.0109039E-06
      46.150000 -7.9177446E-06
      46.175000 -7.8254910E-06
      46.200000 -7.7341338E-06
      46.225000 -7.6436636E-06
      46.250000 -7.5540711E-06
      46.275000 -7.4653472E-06
      46.300000 -7.3774827E-06
      46.325000 -7.2904686E-06
      46.350000 -7.2042959E-06
      46.375000 -7.1189557E-06
      46.400000 -7.0344391E-06
      46.425000 -6.9507374E-06
      46.450000 -6.8678420E-06
      46.475000 -6.7857442E-06
      46.500000 -6.7044354E-06
      46.525000 -6.6239071E-06
      46.550000 -6.5441511E-06
      46.575000 -6.4651588E-06
      46.600000 -6.3869221E-06
      46.625000 -6.3094327E-06
      46.650000 -6.2326825E-06
      46.675000 -6.1566633E-06
      46.700000 -6.0813673E-06
      46.725000 -6.0067863E-06
      46.750000 -5.9329126E-06
      46.775000 -5.8597382E-06
      46.800000 -5.7872555E-06
      46.825000 -5.7154567E-06
      46.850000 -5.6443341E-06
      46.875000 -5.5738802E-06
      46.900000 -5.5040875E-06
      46.925000 -5.4349484E-06
      46.950000 -5.3664556E-06
      46.975000 -5.2986017E-06
      47.000000 -5.2313794E-06
      47.025000 -5.1647814E-06
      47.050000 -5.0988006E-06
      47.075000 -5.0334298E-06
      47.100000 -4.9686620E-06
      47.125000 -4.9044901E-06
      47.150000 -4.8409071E-06
      47.175000 -4.7779062E-06
      47.200000 -4.7154804E-06
      47.225000 -4.6536230E-06
      47.250000 -4.5923271E-06
      47.275000 -4.5315860E-06
      47.300000 -4.4713932E-06
      47.325000 -4.4117419E-06
      47.350000 -4.3526256E-06
      47.375000 -4.2940377E-06
      47.400000 -4.2359718E-06
      47.425000 -4.1784215E-06
      47.450000 -4.1213803E-06
      47.475000 -4.0648420E-06
      47.500000 -4.0088002E-06
      47.525000 -3.9532487E-06
      47.550000 -3.8981812E-06
      47.575000 -3.8435917E-06
      47.600000 -3.7894739E-06
      47.625000 -3.7358219E-06
      47.650000 -3.6826295E-06
      47.675000 -3.6298908E-06
      47.700000 -3.5775998E-06
      47.725000 -3.5257506E-06
      47.750000 -3.4743374E-06
      47.775000 -3.4233542E-06
      47.800000 -3.3727953E-06
      47.825000 -3.3226550E-06
      47.850000 -3.2729274E-06
      47.875000 -3.2236069E-06
      47.900000 -3.1746879E-06
      47.925000 -3.1261648E-06
      47.950000 -3.0780318E-06
      47.975000 -3.0302836E-06
      48.000000 -2.9829146E-06
      48.025000 -2.9359194E-06
      48.050000 -2.8892923E-06
      48.075000 -2.8430282E-06
      48.100000 -2.7971215E-06
      48.125000 -2.7515669E-06
      48.150000 -2.7063591E-06
      48.175000 -2.6614928E-06
      48.200000 -2.6169628E-06
      48.225000 -2.5727638E-06
      48.250000 -2.5288906E-06
      48.275000 -2.4853380E-06
      48.300000 -2.4421009E-06
      48.325000 -2.3991742E-06
      48.350000 -2.3565527E-06
      48.375000 -2.3142315E-06
      48.400000 -2.2722055E-06
      48.425000 -2.2304695E-06
      48.450000 -2.1890188E-06
      48.475000 -2.1478482E-06
      48.500000 -2.1069529E-06
      48.525000 -2.0663279E-06
      48.550000 -2.0259683E-06
      48.575000 -1.9858693E-06
      48.600000 -1.9460260E-06
      48.625000 -1.9064335E-06
      48.650000 -1.8670871E-06
      48.675000 -1.8279819E-06
      48.700000 -1.7891132E-06
      48.725000 -1.7504762E-06
      48.750000 -1.7120662E-06
      48.775000 -1.6738784E-06
      48.800000 -1.6359082E-06
      48.825000 -1.5981509E-06
      48.850000 -1.5606018E-06
      48.875000 -1.5232562E-06
      48.900000 -1.4861096E-06
      48.925000 -1.4491572E-06
      48.950000 -1.4123945E-06
      48.975000 -1.3758169E-06
      49.000000 -1.3394198E-06
      49.025000 -1.3031987E-06
      49.050000 -1.2671489E-06
      49.075000 -1.2312659E-06
      49.100000 -1.1955452E-06
      49.125000 -1.1599823E-06
      49.150000 -1.1245726E-06
      49.175000 -1.0893117E-06
      49.200000 -1.0541950E-06
      49.225000 -1.0192181E-06
      49.250000 -9.8437647E-07
      49.275000 -9.4966564E-07
      49.300000 -9.1508115E-07
      49.325000 -8.8061854E-07
      49.350000 -8.4627336E-07
      49.375000 -8.1204115E-07
      49.400000 -7.7791748E-07
      49.425000 -7.4389790E-07
      49.450000 -7.0997797E-07
      49.475000 -6.7615326E-07
      49.500000 -6.4241934E-07
      49.525000 -6.0877178E-07
      49.550000 -5.7520614E-07
      49.575000 -5.4171801E-07
      49.600000 -5.0830295E-07
      49.625000 -4.7495653E-07
      49.650000 -4.4167433E-07
      49.675000 -4.0845191E-07
      49.700000 -3.7528484E-07
      49.725000 -3.4216869E-07
      49.750000 -3.0909900E-07
      49.775000 -2.7607135E-07
      49.800000 -2.4308128E-07
      49.825000 -2.1012434E-07
      49.850000 -1.7719607E-07
      49.875000 -1.4429200E-07
      49.900000 -1.1140767E-07
      49.925000 -7.8538588E-08
      49.950000 -4.5680272E-08
      49.975000 -1.2828225E-08
