      0.0000000 -4.8562554E-06
    0.025000000 -9.7121898E-06
    0.050000000 -1.4810287E-05
    0.075000000 -2.0092533E-05
     0.10000000 -2.5540889E-05
     0.12500000 -3.1147187E-05
     0.15000000 -3.6907162E-05
     0.17500000 -4.2818477E-05
     0.20000000 -4.8879885E-05
     0.22500000 -5.5090811E-05
     0.25000000 -6.1451125E-05
     0.27500000 -6.7961004E-05
     0.30000000 -7.4620848E-05
     0.32500000 -8.1431219E-05
     0.35000000 -8.8392806E-05
     0.37500000 -9.5506395E-05
     0.40000000 -0.00010277285
     0.42500000 -0.00011019309
     0.45000000 -0.00011776810
     0.47500000 -0.00012549889
     0.50000000 -0.00013338651
     0.52500000 -0.00014143205
     0.55000000 -0.00014963662
     0.57500000 -0.00015800134
     0.60000000 -0.00016652735
     0.62500000 -0.00017521583
     0.65000000 -0.00018406795
     0.67500000 -0.00019308489
     0.70000000 -0.00020226785
     0.72500000 -0.00021161804
     0.75000000 -0.00022113668
     0.77500000 -0.00023082499
     0.80000000 -0.00024068419
     0.82500000 -0.00025071553
     0.85000000 -0.00026092024
     0.87500000 -0.00027129957
     0.90000000 -0.00028185476
     0.92500000 -0.00029258706
     0.95000000 -0.00030349773
     0.97500000 -0.00031458803
      1.0000000 -0.00032585920
      1.0250000 -0.00033731251
      1.0500000 -0.00034894923
      1.0750000 -0.00036077061
      1.1000000 -0.00037277791
      1.1250000 -0.00038497240
      1.1500000 -0.00039735535
      1.1750000 -0.00040992802
      1.2000000 -0.00042269166
      1.2250000 -0.00043564756
      1.2500000 -0.00044879696
      1.2750000 -0.00046214114
      1.3000000 -0.00047568135
      1.3250000 -0.00048941885
      1.3500000 -0.00050335492
      1.3750000 -0.00051749080
      1.4000000 -0.00053182775
      1.4250000 -0.00054636703
      1.4500000 -0.00056110990
      1.4750000 -0.00057605760
      1.5000000 -0.00059121139
      1.5250000 -0.00060657252
      1.5500000 -0.00062214223
      1.5750000 -0.00063792177
      1.6000000 -0.00065391238
      1.6250000 -0.00067011529
      1.6500000 -0.00068653176
      1.6750000 -0.00070316300
      1.7000000 -0.00072001026
      1.7250000 -0.00073707476
      1.7500000 -0.00075435772
      1.7750000 -0.00077186037
      1.8000000 -0.00078958393
      1.8250000 -0.00080752961
      1.8500000 -0.00082569862
      1.8750000 -0.00084409218
      1.9000000 -0.00086271148
      1.9250000 -0.00088155773
      1.9500000 -0.00090063213
      1.9750000 -0.00091993587
      2.0000000 -0.00093947013
      2.0250000 -0.00095923610
      2.0500000 -0.00097923497
      2.0750000 -0.00099946790
      2.1000000  -0.0010199361
      2.1250000  -0.0010406407
      2.1500000  -0.0010615828
      2.1750000  -0.0010827637
      2.2000000  -0.0011041844
      2.2250000  -0.0011258462
      2.2500000  -0.0011477501
      2.2750000  -0.0011698974
      2.3000000  -0.0011922891
      2.3250000  -0.0012149263
      2.3500000  -0.0012378103
      2.3750000  -0.0012609420
      2.4000000  -0.0012843227
      2.4250000  -0.0013079533
      2.4500000  -0.0013318351
      2.4750000  -0.0013559691
      2.5000000  -0.0013803564
      2.5250000  -0.0014049981
      2.5500000  -0.0014298952
      2.5750000  -0.0014550488
      2.6000000  -0.0014804600
      2.6250000  -0.0015061298
      2.6500000  -0.0015320593
      2.6750000  -0.0015582496
      2.7000000  -0.0015847016
      2.7250000  -0.0016114164
      2.7500000  -0.0016383949
      2.7750000  -0.0016656384
      2.8000000  -0.0016931476
      2.8250000  -0.0017209237
      2.8500000  -0.0017489676
      2.8750000  -0.0017772803
      2.9000000  -0.0018058628
      2.9250000  -0.0018347161
      2.9500000  -0.0018638411
      2.9750000  -0.0018932387
      3.0000000  -0.0019229100
      3.0250000  -0.0019528559
      3.0500000  -0.0019830772
      3.0750000  -0.0020135750
      3.1000000  -0.0020443501
      3.1250000  -0.0020754035
      3.1500000  -0.0021067360
      3.1750000  -0.0021383485
      3.2000000  -0.0021702420
      3.2250000  -0.0022024172
      3.2500000  -0.0022348751
      3.2750000  -0.0022676165
      3.3000000  -0.0023006423
      3.3250000  -0.0023339533
      3.3500000  -0.0023675503
      3.3750000  -0.0024014342
      3.4000000  -0.0024356057
      3.4250000  -0.0024700657
      3.4500000  -0.0025048149
      3.4750000  -0.0025398542
      3.5000000  -0.0025751843
      3.5250000  -0.0026108060
      3.5500000  -0.0026467200
      3.5750000  -0.0026829271
      3.6000000  -0.0027194280
      3.6250000  -0.0027562235
      3.6500000  -0.0027933142
      3.6750000  -0.0028307010
      3.7000000  -0.0028683843
      3.7250000  -0.0029063650
      3.7500000  -0.0029446438
      3.7750000  -0.0029832212
      3.8000000  -0.0030220980
      3.8250000  -0.0030612748
      3.8500000  -0.0031007522
      3.8750000  -0.0031405309
      3.9000000  -0.0031806114
      3.9250000  -0.0032209945
      3.9500000  -0.0032616805
      3.9750000  -0.0033026702
      4.0000000  -0.0033439641
      4.0250000  -0.0033855628
      4.0500000  -0.0034274669
      4.0750000  -0.0034696767
      4.1000000  -0.0035121930
      4.1250000  -0.0035550161
      4.1500000  -0.0035981467
      4.1750000  -0.0036415851
      4.2000000  -0.0036853319
      4.2250000  -0.0037293876
      4.2500000  -0.0037737525
      4.2750000  -0.0038184272
      4.3000000  -0.0038634121
      4.3250000  -0.0039087075
      4.3500000  -0.0039543140
      4.3750000  -0.0040002319
      4.4000000  -0.0040464616
      4.4250000  -0.0040930035
      4.4500000  -0.0041398578
      4.4750000  -0.0041870251
      4.5000000  -0.0042345056
      4.5250000  -0.0042822996
      4.5500000  -0.0043304075
      4.5750000  -0.0043788296
      4.6000000  -0.0044275661
      4.6250000  -0.0044766173
      4.6500000  -0.0045259835
      4.6750000  -0.0045756649
      4.7000000  -0.0046256619
      4.7250000  -0.0046759745
      4.7500000  -0.0047266030
      4.7750000  -0.0047775477
      4.8000000  -0.0048288086
      4.8250000  -0.0048803860
      4.8500000  -0.0049322801
      4.8750000  -0.0049844910
      4.9000000  -0.0050370187
      4.9250000  -0.0050898636
      4.9500000  -0.0051430255
      4.9750000  -0.0051965047
      5.0000000  -0.0052503013
      5.0250000  -0.0053044152
      5.0500000  -0.0053588466
      5.0750000  -0.0054135955
      5.1000000  -0.0054686619
      5.1250000  -0.0055240458
      5.1500000  -0.0055797473
      5.1750000  -0.0056357664
      5.2000000  -0.0056921029
      5.2250000  -0.0057487569
      5.2500000  -0.0058057283
      5.2750000  -0.0058630170
      5.3000000  -0.0059206230
      5.3250000  -0.0059785462
      5.3500000  -0.0060367865
      5.3750000  -0.0060953437
      5.4000000  -0.0061542177
      5.4250000  -0.0062134084
      5.4500000  -0.0062729155
      5.4750000  -0.0063327390
      5.5000000  -0.0063928786
      5.5250000  -0.0064533342
      5.5500000  -0.0065141054
      5.5750000  -0.0065751921
      5.6000000  -0.0066365940
      5.6250000  -0.0066983109
      5.6500000  -0.0067603425
      5.6750000  -0.0068226884
      5.7000000  -0.0068853485
      5.7250000  -0.0069483223
      5.7500000  -0.0070116095
      5.7750000  -0.0070752099
      5.8000000  -0.0071391229
      5.8250000  -0.0072033483
      5.8500000  -0.0072678857
      5.8750000  -0.0073327346
      5.9000000  -0.0073978947
      5.9250000  -0.0074633655
      5.9500000  -0.0075291465
      5.9750000  -0.0075952373
      6.0000000  -0.0076616374
      6.0250000  -0.0077283463
      6.0500000  -0.0077953636
      6.0750000  -0.0078626886
      6.1000000  -0.0079303209
      6.1250000  -0.0079982599
      6.1500000  -0.0080665051
      6.1750000  -0.0081350558
      6.2000000  -0.0082039115
      6.2250000  -0.0082730716
      6.2500000  -0.0083425353
      6.2750000  -0.0084123022
      6.3000000  -0.0084823716
      6.3250000  -0.0085527427
      6.3500000  -0.0086234149
      6.3750000  -0.0086943876
      6.4000000  -0.0087656599
      6.4250000  -0.0088372312
      6.4500000  -0.0089091007
      6.4750000  -0.0089812677
      6.5000000  -0.0090537315
      6.5250000  -0.0091264911
      6.5500000  -0.0091995459
      6.5750000  -0.0092728949
      6.6000000  -0.0093465375
      6.6250000  -0.0094204727
      6.6500000  -0.0094946997
      6.6750000  -0.0095692176
      6.7000000  -0.0096440255
      6.7250000  -0.0097191226
      6.7500000  -0.0097945078
      6.7750000  -0.0098701804
      6.8000000  -0.0099461393
      6.8250000   -0.010022384
      6.8500000   -0.010098912
      6.8750000   -0.010175724
      6.9000000   -0.010252819
      6.9250000   -0.010330195
      6.9500000   -0.010407851
      6.9750000   -0.010485787
      7.0000000   -0.010564000
      7.0250000   -0.010642491
      7.0500000   -0.010721259
      7.0750000   -0.010800301
      7.1000000   -0.010879617
      7.1250000   -0.010959206
      7.1500000   -0.011039066
      7.1750000   -0.011119197
      7.2000000   -0.011199597
      7.2250000   -0.011280265
      7.2500000   -0.011361200
      7.2750000   -0.011442401
      7.3000000   -0.011523866
      7.3250000   -0.011605594
      7.3500000   -0.011687584
      7.3750000   -0.011769835
      7.4000000   -0.011852345
      7.4250000   -0.011935114
      7.4500000   -0.012018139
      7.4750000   -0.012101419
      7.5000000   -0.012184954
      7.5250000   -0.012268741
      7.5500000   -0.012352779
      7.5750000   -0.012437068
      7.6000000   -0.012521605
      7.6250000   -0.012606389
      7.6500000   -0.012691419
      7.6750000   -0.012776693
      7.7000000   -0.012862210
      7.7250000   -0.012947969
      7.7500000   -0.013033967
      7.7750000   -0.013120204
      7.8000000   -0.013206677
      7.8250000   -0.013293386
      7.8500000   -0.013380329
      7.8750000   -0.013467504
      7.9000000   -0.013554910
      7.9250000   -0.013642545
      7.9500000   -0.013730407
      7.9750000   -0.013818495
      8.0000000   -0.013906808
      8.0250000   -0.013995344
      8.0500000   -0.014084100
      8.0750000   -0.014173076
      8.1000000   -0.014262270
      8.1250000   -0.014351680
      8.1500000   -0.014441304
      8.1750000   -0.014531142
      8.2000000   -0.014621190
      8.2250000   -0.014711447
      8.2500000   -0.014801912
      8.2750000   -0.014892582
      8.3000000   -0.014983457
      8.3250000   -0.015074534
      8.3500000   -0.015165811
      8.3750000   -0.015257287
      8.4000000   -0.015348960
      8.4250000   -0.015440828
      8.4500000   -0.015532889
      8.4750000   -0.015625141
      8.5000000   -0.015717583
      8.5250000   -0.015810212
      8.5500000   -0.015903027
      8.5750000   -0.015996026
      8.6000000   -0.016089207
      8.6250000   -0.016182568
      8.6500000   -0.016276107
      8.6750000   -0.016369822
      8.7000000   -0.016463711
      8.7250000   -0.016557773
      8.7500000   -0.016652005
      8.7750000   -0.016746405
      8.8000000   -0.016840971
      8.8250000   -0.016935701
      8.8500000   -0.017030594
      8.8750000   -0.017125647
      8.9000000   -0.017220858
      8.9250000   -0.017316225
      8.9500000   -0.017411747
      8.9750000   -0.017507420
      9.0000000   -0.017603243
      9.0250000   -0.017699214
      9.0500000   -0.017795331
      9.0750000   -0.017891592
      9.1000000   -0.017987993
      9.1250000   -0.018084535
      9.1500000   -0.018181213
      9.1750000   -0.018278027
      9.2000000   -0.018374973
      9.2250000   -0.018472050
      9.2500000   -0.018569256
      9.2750000   -0.018666588
      9.3000000   -0.018764045
      9.3250000   -0.018861623
      9.3500000   -0.018959321
      9.3750000   -0.019057137
      9.4000000   -0.019155068
      9.4250000   -0.019253112
      9.4500000   -0.019351267
      9.4750000   -0.019449530
      9.5000000   -0.019547900
      9.5250000   -0.019646373
      9.5500000   -0.019744949
      9.5750000   -0.019843624
      9.6000000   -0.019942396
      9.6250000   -0.020041262
      9.6500000   -0.020140222
      9.6750000   -0.020239271
      9.7000000   -0.020338409
      9.7250000   -0.020437631
      9.7500000   -0.020536937
      9.7750000   -0.020636324
      9.8000000   -0.020735790
      9.8250000   -0.020835331
      9.8500000   -0.020934946
      9.8750000   -0.021034632
      9.9000000   -0.021134388
      9.9250000   -0.021234209
      9.9500000   -0.021334095
      9.9750000   -0.021434043
      10.000000   -0.021534050
      10.025000   -0.021634114
      10.050000   -0.021734232
      10.075000   -0.021834402
      10.100000   -0.021934622
      10.125000   -0.022034889
      10.150000   -0.022135200
      10.175000   -0.022235554
      10.200000   -0.022335947
      10.225000   -0.022436378
      10.250000   -0.022536843
      10.275000   -0.022637341
      10.300000   -0.022737869
      10.325000   -0.022838424
      10.350000   -0.022939003
      10.375000   -0.023039605
      10.400000   -0.023140227
      10.425000   -0.023240866
      10.450000   -0.023341520
      10.475000   -0.023442186
      10.500000   -0.023542862
      10.525000   -0.023643545
      10.550000   -0.023744232
      10.575000   -0.023844922
      10.600000   -0.023945611
      10.625000   -0.024046298
      10.650000   -0.024146978
      10.675000   -0.024247651
      10.700000   -0.024348313
      10.725000   -0.024448962
      10.750000   -0.024549595
      10.775000   -0.024650210
      10.800000   -0.024750804
      10.825000   -0.024851374
      10.850000   -0.024951918
      10.875000   -0.025052434
      10.900000   -0.025152918
      10.925000   -0.025253369
      10.950000   -0.025353783
      10.975000   -0.025454158
      11.000000   -0.025554492
      11.025000   -0.025654781
      11.050000   -0.025755024
      11.075000   -0.025855217
      11.100000   -0.025955358
      11.125000   -0.026055445
      11.150000   -0.026155475
      11.175000   -0.026255445
      11.200000   -0.026355352
      11.225000   -0.026455195
      11.250000   -0.026554969
      11.275000   -0.026654674
      11.300000   -0.026754306
      11.325000   -0.026853862
      11.350000   -0.026953341
      11.375000   -0.027052739
      11.400000   -0.027152053
      11.425000   -0.027251282
      11.450000   -0.027350422
      11.475000   -0.027449471
      11.500000   -0.027548427
      11.525000   -0.027647286
      11.550000   -0.027746046
      11.575000   -0.027844705
      11.600000   -0.027943259
      11.625000   -0.028041707
      11.650000   -0.028140045
      11.675000   -0.028238272
      11.700000   -0.028336384
      11.725000   -0.028434379
      11.750000   -0.028532254
      11.775000   -0.028630006
      11.800000   -0.028727634
      11.825000   -0.028825134
      11.850000   -0.028922504
      11.875000   -0.029019741
      11.900000   -0.029116843
      11.925000   -0.029213807
      11.950000   -0.029310630
      11.975000   -0.029407310
      12.000000   -0.029503845
      12.025000   -0.029600231
      12.050000   -0.029696466
      12.075000   -0.029792548
      12.100000   -0.029888474
      12.125000   -0.029984242
      12.150000   -0.030079848
      12.175000   -0.030175290
      12.200000   -0.030270567
      12.225000   -0.030365674
      12.250000   -0.030460610
      12.275000   -0.030555372
      12.300000   -0.030649958
      12.325000   -0.030744364
      12.350000   -0.030838589
      12.375000   -0.030932630
      12.400000   -0.031026484
      12.425000   -0.031120150
      12.450000   -0.031213623
      12.475000   -0.031306903
      12.500000   -0.031399985
      12.525000   -0.031492869
      12.550000   -0.031585550
      12.575000   -0.031678028
      12.600000   -0.031770299
      12.625000   -0.031862361
      12.650000   -0.031954211
      12.675000   -0.032045847
      12.700000   -0.032137266
      12.725000   -0.032228467
      12.750000   -0.032319446
      12.775000   -0.032410200
      12.800000   -0.032500729
      12.825000   -0.032591029
      12.850000   -0.032681097
      12.875000   -0.032770932
      12.900000   -0.032860530
      12.925000   -0.032949890
      12.950000   -0.033039009
      12.975000   -0.033127885
      13.000000   -0.033216515
      13.025000   -0.033304897
      13.050000   -0.033393028
      13.075000   -0.033480907
      13.100000   -0.033568530
      13.125000   -0.033655896
      13.150000   -0.033743002
      13.175000   -0.033829845
      13.200000   -0.033916424
      13.225000   -0.034002736
      13.250000   -0.034088778
      13.275000   -0.034174549
      13.300000   -0.034260047
      13.325000   -0.034345268
      13.350000   -0.034430210
      13.375000   -0.034514872
      13.400000   -0.034599251
      13.425000   -0.034683344
      13.450000   -0.034767150
      13.475000   -0.034850666
      13.500000   -0.034933890
      13.525000   -0.035016820
      13.550000   -0.035099454
      13.575000   -0.035181789
      13.600000   -0.035263823
      13.625000   -0.035345554
      13.650000   -0.035426980
      13.675000   -0.035508098
      13.700000   -0.035588907
      13.725000   -0.035669404
      13.750000   -0.035749587
      13.775000   -0.035829455
      13.800000   -0.035909004
      13.825000   -0.035988233
      13.850000   -0.036067140
      13.875000   -0.036145722
      13.900000   -0.036223978
      13.925000   -0.036301906
      13.950000   -0.036379502
      13.975000   -0.036456767
      14.000000   -0.036533696
      14.025000   -0.036610289
      14.050000   -0.036686543
      14.075000   -0.036762456
      14.100000   -0.036838027
      14.125000   -0.036913253
      14.150000   -0.036988132
      14.175000   -0.037062662
      14.200000   -0.037136842
      14.225000   -0.037210670
      14.250000   -0.037284143
      14.275000   -0.037357259
      14.300000   -0.037430018
      14.325000   -0.037502416
      14.350000   -0.037574452
      14.375000   -0.037646124
      14.400000   -0.037717431
      14.425000   -0.037788369
      14.450000   -0.037858939
      14.475000   -0.037929137
      14.500000   -0.037998962
      14.525000   -0.038068412
      14.550000   -0.038137486
      14.575000   -0.038206181
      14.600000   -0.038274496
      14.625000   -0.038342429
      14.650000   -0.038409978
      14.675000   -0.038477142
      14.700000   -0.038543919
      14.725000   -0.038610307
      14.750000   -0.038676305
      14.775000   -0.038741910
      14.800000   -0.038807122
      14.825000   -0.038871938
      14.850000   -0.038936358
      14.875000   -0.039000378
      14.900000   -0.039063998
      14.925000   -0.039127217
      14.950000   -0.039190032
      14.975000   -0.039252442
      15.000000   -0.039314445
      15.025000   -0.039376041
      15.050000   -0.039437227
      15.075000   -0.039498001
      15.100000   -0.039558363
      15.125000   -0.039618311
      15.150000   -0.039677843
      15.175000   -0.039736959
      15.200000   -0.039795656
      15.225000   -0.039853933
      15.250000   -0.039911788
      15.275000   -0.039969222
      15.300000   -0.040026231
      15.325000   -0.040082814
      15.350000   -0.040138971
      15.375000   -0.040194699
      15.400000   -0.040249999
      15.425000   -0.040304867
      15.450000   -0.040359303
      15.475000   -0.040413306
      15.500000   -0.040466875
      15.525000   -0.040520007
      15.550000   -0.040572703
      15.575000   -0.040624960
      15.600000   -0.040676777
      15.625000   -0.040728154
      15.650000   -0.040779089
      15.675000   -0.040829580
      15.700000   -0.040879628
      15.725000   -0.040929230
      15.750000   -0.040978386
      15.775000   -0.041027094
      15.800000   -0.041075353
      15.825000   -0.041123163
      15.850000   -0.041170522
      15.875000   -0.041217428
      15.900000   -0.041263882
      15.925000   -0.041309882
      15.950000   -0.041355428
      15.975000   -0.041400517
      16.000000   -0.041445149
      16.025000   -0.041489324
      16.050000   -0.041533039
      16.075000   -0.041576295
      16.100000   -0.041619091
      16.125000   -0.041661425
      16.150000   -0.041703296
      16.175000   -0.041744705
      16.200000   -0.041785649
      16.225000   -0.041826128
      16.250000   -0.041866142
      16.275000   -0.041905689
      16.300000   -0.041944768
      16.325000   -0.041983380
      16.350000   -0.042021523
      16.375000   -0.042059196
      16.400000   -0.042096398
      16.425000   -0.042133130
      16.450000   -0.042169390
      16.475000   -0.042205178
      16.500000   -0.042240492
      16.525000   -0.042275333
      16.550000   -0.042309699
      16.575000   -0.042343591
      16.600000   -0.042377007
      16.625000   -0.042409946
      16.650000   -0.042442409
      16.675000   -0.042474395
      16.700000   -0.042505903
      16.725000   -0.042536932
      16.750000   -0.042567483
      16.775000   -0.042597555
      16.800000   -0.042627146
      16.825000   -0.042656257
      16.850000   -0.042684888
      16.875000   -0.042713037
      16.900000   -0.042740705
      16.925000   -0.042767891
      16.950000   -0.042794595
      16.975000   -0.042820816
      17.000000   -0.042846553
      17.025000   -0.042871808
      17.050000   -0.042896578
      17.075000   -0.042920865
      17.100000   -0.042944667
      17.125000   -0.042967985
      17.150000   -0.042990818
      17.175000   -0.043013166
      17.200000   -0.043035028
      17.225000   -0.043056405
      17.250000   -0.043077297
      17.275000   -0.043097702
      17.300000   -0.043117621
      17.325000   -0.043137054
      17.350000   -0.043156001
      17.375000   -0.043174461
      17.400000   -0.043192435
      17.425000   -0.043209922
      17.450000   -0.043226922
      17.475000   -0.043243436
      17.500000   -0.043259462
      17.525000   -0.043275002
      17.550000   -0.043290055
      17.575000   -0.043304621
      17.600000   -0.043318701
      17.625000   -0.043332293
      17.650000   -0.043345399
      17.675000   -0.043358018
      17.700000   -0.043370150
      17.725000   -0.043381796
      17.750000   -0.043392955
      17.775000   -0.043403628
      17.800000   -0.043413815
      17.825000   -0.043423516
      17.850000   -0.043432732
      17.875000   -0.043441461
      17.900000   -0.043449705
      17.925000   -0.043457464
      17.950000   -0.043464738
      17.975000   -0.043471527
      18.000000   -0.043477832
      18.025000   -0.043483652
      18.050000   -0.043488989
      18.075000   -0.043493842
      18.100000   -0.043498211
      18.125000   -0.043502098
      18.150000   -0.043505502
      18.175000   -0.043508424
      18.200000   -0.043510863
      18.225000   -0.043512822
      18.250000   -0.043514299
      18.275000   -0.043515296
      18.300000   -0.043515812
      18.325000   -0.043515849
      18.350000   -0.043515406
      18.375000   -0.043514484
      18.400000   -0.043513084
      18.425000   -0.043511206
      18.450000   -0.043508851
      18.475000   -0.043506019
      18.500000   -0.043502711
      18.525000   -0.043498927
      18.550000   -0.043494668
      18.575000   -0.043489934
      18.600000   -0.043484727
      18.625000   -0.043479046
      18.650000   -0.043472893
      18.675000   -0.043466267
      18.700000   -0.043459170
      18.725000   -0.043451602
      18.750000   -0.043443565
      18.775000   -0.043435058
      18.800000   -0.043426082
      18.825000   -0.043416639
      18.850000   -0.043406728
      18.875000   -0.043396351
      18.900000   -0.043385508
      18.925000   -0.043374200
      18.950000   -0.043362429
      18.975000   -0.043350194
      19.000000   -0.043337496
      19.025000   -0.043324337
      19.050000   -0.043310717
      19.075000   -0.043296638
      19.100000   -0.043282099
      19.125000   -0.043267102
      19.150000   -0.043251647
      19.175000   -0.043235736
      19.200000   -0.043219370
      19.225000   -0.043202549
      19.250000   -0.043185275
      19.275000   -0.043167548
      19.300000   -0.043149369
      19.325000   -0.043130740
      19.350000   -0.043111661
      19.375000   -0.043092133
      19.400000   -0.043072157
      19.425000   -0.043051735
      19.450000   -0.043030867
      19.475000   -0.043009555
      19.500000   -0.042987799
      19.525000   -0.042965601
      19.550000   -0.042942961
      19.575000   -0.042919881
      19.600000   -0.042896362
      19.625000   -0.042872405
      19.650000   -0.042848010
      19.675000   -0.042823181
      19.700000   -0.042797916
      19.725000   -0.042772218
      19.750000   -0.042746088
      19.775000   -0.042719527
      19.800000   -0.042692536
      19.825000   -0.042665116
      19.850000   -0.042637268
      19.875000   -0.042608995
      19.900000   -0.042580296
      19.925000   -0.042551174
      19.950000   -0.042521629
      19.975000   -0.042491663
      20.000000   -0.042461277
      20.025000   -0.042430473
      20.050000   -0.042399251
      20.075000   -0.042367613
      20.100000   -0.042335561
      20.125000   -0.042303095
      20.150000   -0.042270217
      20.175000   -0.042236928
      20.200000   -0.042203230
      20.225000   -0.042169124
      20.250000   -0.042134611
      20.275000   -0.042099694
      20.300000   -0.042064372
      20.325000   -0.042028649
      20.350000   -0.041992524
      20.375000   -0.041956000
      20.400000   -0.041919077
      20.425000   -0.041881758
      20.450000   -0.041844044
      20.475000   -0.041805936
      20.500000   -0.041767436
      20.525000   -0.041728545
      20.550000   -0.041689265
      20.575000   -0.041649597
      20.600000   -0.041609543
      20.625000   -0.041569104
      20.650000   -0.041528281
      20.675000   -0.041487077
      20.700000   -0.041445493
      20.725000   -0.041403530
      20.750000   -0.041361191
      20.775000   -0.041318475
      20.800000   -0.041275386
      20.825000   -0.041231924
      20.850000   -0.041188092
      20.875000   -0.041143891
      20.900000   -0.041099321
      20.925000   -0.041054386
      20.950000   -0.041009087
      20.975000   -0.040963425
      21.000000   -0.040917402
      21.025000   -0.040871019
      21.050000   -0.040824278
      21.075000   -0.040777182
      21.100000   -0.040729731
      21.125000   -0.040681927
      21.150000   -0.040633771
      21.175000   -0.040585267
      21.200000   -0.040536414
      21.225000   -0.040487216
      21.250000   -0.040437673
      21.275000   -0.040387787
      21.300000   -0.040337561
      21.325000   -0.040286995
      21.350000   -0.040236091
      21.375000   -0.040184852
      21.400000   -0.040133278
      21.425000   -0.040081373
      21.450000   -0.040029136
      21.475000   -0.039976571
      21.500000   -0.039923679
      21.525000   -0.039870461
      21.550000   -0.039816920
      21.575000   -0.039763057
      21.600000   -0.039708874
      21.625000   -0.039654373
      21.650000   -0.039599555
      21.675000   -0.039544423
      21.700000   -0.039488978
      21.725000   -0.039433222
      21.750000   -0.039377156
      21.775000   -0.039320783
      21.800000   -0.039264105
      21.825000   -0.039207123
      21.850000   -0.039149838
      21.875000   -0.039092254
      21.900000   -0.039034371
      21.925000   -0.038976192
      21.950000   -0.038917718
      21.975000   -0.038858952
      22.000000   -0.038799894
      22.025000   -0.038740548
      22.050000   -0.038680914
      22.075000   -0.038620995
      22.100000   -0.038560793
      22.125000   -0.038500309
      22.150000   -0.038439545
      22.175000   -0.038378503
      22.200000   -0.038317185
      22.225000   -0.038255593
      22.250000   -0.038193729
      22.275000   -0.038131595
      22.300000   -0.038069192
      22.325000   -0.038006523
      22.350000   -0.037943589
      22.375000   -0.037880392
      22.400000   -0.037816934
      22.425000   -0.037753218
      22.450000   -0.037689244
      22.475000   -0.037625015
      22.500000   -0.037560533
      22.525000   -0.037495800
      22.550000   -0.037430817
      22.575000   -0.037365587
      22.600000   -0.037300111
      22.625000   -0.037234392
      22.650000   -0.037168431
      22.675000   -0.037102230
      22.700000   -0.037035791
      22.725000   -0.036969116
      22.750000   -0.036902207
      22.775000   -0.036835067
      22.800000   -0.036767696
      22.825000   -0.036700096
      22.850000   -0.036632271
      22.875000   -0.036564221
      22.900000   -0.036495949
      22.925000   -0.036427456
      22.950000   -0.036358745
      22.975000   -0.036289817
      23.000000   -0.036220675
      23.025000   -0.036151319
      23.050000   -0.036081753
      23.075000   -0.036011979
      23.100000   -0.035941997
      23.125000   -0.035871810
      23.150000   -0.035801420
      23.175000   -0.035730830
      23.200000   -0.035660040
      23.225000   -0.035589053
      23.250000   -0.035517870
      23.275000   -0.035446495
      23.300000   -0.035374928
      23.325000   -0.035303171
      23.350000   -0.035231228
      23.375000   -0.035159098
      23.400000   -0.035086785
      23.425000   -0.035014290
      23.450000   -0.034941616
      23.475000   -0.034868764
      23.500000   -0.034795736
      23.525000   -0.034722534
      23.550000   -0.034649160
      23.575000   -0.034575616
      23.600000   -0.034501904
      23.625000   -0.034428026
      23.650000   -0.034353984
      23.675000   -0.034279779
      23.700000   -0.034205414
      23.725000   -0.034130890
      23.750000   -0.034056210
      23.775000   -0.033981375
      23.800000   -0.033906388
      23.825000   -0.033831250
      23.850000   -0.033755963
      23.875000   -0.033680529
      23.900000   -0.033604950
      23.925000   -0.033529228
      23.950000   -0.033453365
      23.975000   -0.033377363
      24.000000   -0.033301223
      24.025000   -0.033224948
      24.050000   -0.033148539
      24.075000   -0.033071998
      24.100000   -0.032995328
      24.125000   -0.032918530
      24.150000   -0.032841606
      24.175000   -0.032764558
      24.200000   -0.032687388
      24.225000   -0.032610097
      24.250000   -0.032532688
      24.275000   -0.032455163
      24.300000   -0.032377522
      24.325000   -0.032299769
      24.350000   -0.032221906
      24.375000   -0.032143933
      24.400000   -0.032065853
      24.425000   -0.031987667
      24.450000   -0.031909378
      24.475000   -0.031830988
      24.500000   -0.031752497
      24.525000   -0.031673909
      24.550000   -0.031595225
      24.575000   -0.031516447
      24.600000   -0.031437576
      24.625000   -0.031358614
      24.650000   -0.031279564
      24.675000   -0.031200427
      24.700000   -0.031121205
      24.725000   -0.031041900
      24.750000   -0.030962513
      24.775000   -0.030883047
      24.800000   -0.030803502
      24.825000   -0.030723882
      24.850000   -0.030644188
      24.875000   -0.030564421
      24.900000   -0.030484584
      24.925000   -0.030404677
      24.950000   -0.030324704
      24.975000   -0.030244665
      25.000000   -0.030164563
      25.025000   -0.030084399
      25.050000   -0.030004175
      25.075000   -0.029923893
      25.100000   -0.029843555
      25.125000   -0.029763161
      25.150000   -0.029682715
      25.175000   -0.029602218
      25.200000   -0.029521671
      25.225000   -0.029441076
      25.250000   -0.029360435
      25.275000   -0.029279750
      25.300000   -0.029199023
      25.325000   -0.029118254
      25.350000   -0.029037447
      25.375000   -0.028956602
      25.400000   -0.028875721
      25.425000   -0.028794806
      25.450000   -0.028713858
      25.475000   -0.028632880
      25.500000   -0.028551873
      25.525000   -0.028470838
      25.550000   -0.028389778
      25.575000   -0.028308694
      25.600000   -0.028227587
      25.625000   -0.028146460
      25.650000   -0.028065313
      25.675000   -0.027984149
      25.700000   -0.027902969
      25.725000   -0.027821775
      25.750000   -0.027740568
      25.775000   -0.027659350
      25.800000   -0.027578123
      25.825000   -0.027496888
      25.850000   -0.027415647
      25.875000   -0.027334402
      25.900000   -0.027253153
      25.925000   -0.027171903
      25.950000   -0.027090653
      25.975000   -0.027009405
      26.000000   -0.026928160
      26.025000   -0.026846920
      26.050000   -0.026765686
      26.075000   -0.026684460
      26.100000   -0.026603244
      26.125000   -0.026522039
      26.150000   -0.026440846
      26.175000   -0.026359667
      26.200000   -0.026278503
      26.225000   -0.026197357
      26.250000   -0.026116229
      26.275000   -0.026035122
      26.300000   -0.025954035
      26.325000   -0.025872972
      26.350000   -0.025791933
      26.375000   -0.025710920
      26.400000   -0.025629935
      26.425000   -0.025548978
      26.450000   -0.025468052
      26.475000   -0.025387157
      26.500000   -0.025306296
      26.525000   -0.025225469
      26.550000   -0.025144678
      26.575000   -0.025063924
      26.600000   -0.024983210
      26.625000   -0.024902535
      26.650000   -0.024821902
      26.675000   -0.024741312
      26.700000   -0.024660767
      26.725000   -0.024580267
      26.750000   -0.024499814
      26.775000   -0.024419410
      26.800000   -0.024339055
      26.825000   -0.024258752
      26.850000   -0.024178501
      26.875000   -0.024098304
      26.900000   -0.024018162
      26.925000   -0.023938077
      26.950000   -0.023858049
      26.975000   -0.023778081
      27.000000   -0.023698172
      27.025000   -0.023618326
      27.050000   -0.023538542
      27.075000   -0.023458823
      27.100000   -0.023379169
      27.125000   -0.023299581
      27.150000   -0.023220062
      27.175000   -0.023140612
      27.200000   -0.023061232
      27.225000   -0.022981925
      27.250000   -0.022902690
      27.275000   -0.022823529
      27.300000   -0.022744443
      27.325000   -0.022665434
      27.350000   -0.022586503
      27.375000   -0.022507651
      27.400000   -0.022428878
      27.425000   -0.022350187
      27.450000   -0.022271579
      27.475000   -0.022193054
      27.500000   -0.022114614
      27.525000   -0.022036259
      27.550000   -0.021957992
      27.575000   -0.021879813
      27.600000   -0.021801723
      27.625000   -0.021723724
      27.650000   -0.021645816
      27.675000   -0.021568000
      27.700000   -0.021490278
      27.725000   -0.021412651
      27.750000   -0.021335120
      27.775000   -0.021257686
      27.800000   -0.021180350
      27.825000   -0.021103113
      27.850000   -0.021025975
      27.875000   -0.020948939
      27.900000   -0.020872005
      27.925000   -0.020795175
      27.950000   -0.020718448
      27.975000   -0.020641827
      28.000000   -0.020565312
      28.025000   -0.020488904
      28.050000   -0.020412604
      28.075000   -0.020336413
      28.100000   -0.020260333
      28.125000   -0.020184363
      28.150000   -0.020108506
      28.175000   -0.020032761
      28.200000   -0.019957131
      28.225000   -0.019881615
      28.250000   -0.019806216
      28.275000   -0.019730933
      28.300000   -0.019655767
      28.325000   -0.019580720
      28.350000   -0.019505793
      28.375000   -0.019430986
      28.400000   -0.019356300
      28.425000   -0.019281736
      28.450000   -0.019207296
      28.475000   -0.019132979
      28.500000   -0.019058786
      28.525000   -0.018984720
      28.550000   -0.018910779
      28.575000   -0.018836966
      28.600000   -0.018763281
      28.625000   -0.018689725
      28.650000   -0.018616298
      28.675000   -0.018543002
      28.700000   -0.018469837
      28.725000   -0.018396804
      28.750000   -0.018323904
      28.775000   -0.018251137
      28.800000   -0.018178505
      28.825000   -0.018106008
      28.850000   -0.018033646
      28.875000   -0.017961422
      28.900000   -0.017889334
      28.925000   -0.017817385
      28.950000   -0.017745575
      28.975000   -0.017673904
      29.000000   -0.017602373
      29.025000   -0.017530983
      29.050000   -0.017459735
      29.075000   -0.017388629
      29.100000   -0.017317666
      29.125000   -0.017246846
      29.150000   -0.017176171
      29.175000   -0.017105641
      29.200000   -0.017035257
      29.225000   -0.016965018
      29.250000   -0.016894927
      29.275000   -0.016824983
      29.300000   -0.016755187
      29.325000   -0.016685540
      29.350000   -0.016616043
      29.375000   -0.016546695
      29.400000   -0.016477498
      29.425000   -0.016408452
      29.450000   -0.016339557
      29.475000   -0.016270815
      29.500000   -0.016202226
      29.525000   -0.016133790
      29.550000   -0.016065508
      29.575000   -0.015997381
      29.600000   -0.015929408
      29.625000   -0.015861592
      29.650000   -0.015793931
      29.675000   -0.015726427
      29.700000   -0.015659080
      29.725000   -0.015591890
      29.750000   -0.015524859
      29.775000   -0.015457986
      29.800000   -0.015391273
      29.825000   -0.015324719
      29.850000   -0.015258325
      29.875000   -0.015192091
      29.900000   -0.015126018
      29.925000   -0.015060107
      29.950000   -0.014994358
      29.975000   -0.014928771
      30.000000   -0.014863346
      30.025000   -0.014798085
      30.050000   -0.014732987
      30.075000   -0.014668053
      30.100000   -0.014603283
      30.125000   -0.014538679
      30.150000   -0.014474239
      30.175000   -0.014409965
      30.200000   -0.014345856
      30.225000   -0.014281914
      30.250000   -0.014218139
      30.275000   -0.014154530
      30.300000   -0.014091089
      30.325000   -0.014027816
      30.350000   -0.013964710
      30.375000   -0.013901773
      30.400000   -0.013839004
      30.425000   -0.013776405
      30.450000   -0.013713974
      30.475000   -0.013651714
      30.500000   -0.013589623
      30.525000   -0.013527702
      30.550000   -0.013465952
      30.575000   -0.013404373
      30.600000   -0.013342964
      30.625000   -0.013281727
      30.650000   -0.013220662
      30.675000   -0.013159768
      30.700000   -0.013099047
      30.725000   -0.013038497
      30.750000   -0.012978121
      30.775000   -0.012917917
      30.800000   -0.012857886
      30.825000   -0.012798028
      30.850000   -0.012738344
      30.875000   -0.012678833
      30.900000   -0.012619496
      30.925000   -0.012560334
      30.950000   -0.012501345
      30.975000   -0.012442531
      31.000000   -0.012383892
      31.025000   -0.012325427
      31.050000   -0.012267138
      31.075000   -0.012209023
      31.100000   -0.012151084
      31.125000   -0.012093320
      31.150000   -0.012035732
      31.175000   -0.011978320
      31.200000   -0.011921083
      31.225000   -0.011864022
      31.250000   -0.011807138
      31.275000   -0.011750429
      31.300000   -0.011693898
      31.325000   -0.011637542
      31.350000   -0.011581363
      31.375000   -0.011525361
      31.400000   -0.011469535
      31.425000   -0.011413887
      31.450000   -0.011358415
      31.475000   -0.011303120
      31.500000   -0.011248002
      31.525000   -0.011193062
      31.550000   -0.011138298
      31.575000   -0.011083712
      31.600000   -0.011029303
      31.625000   -0.010975072
      31.650000   -0.010921018
      31.675000   -0.010867141
      31.700000   -0.010813442
      31.725000   -0.010759920
      31.750000   -0.010706576
      31.775000   -0.010653409
      31.800000   -0.010600420
      31.825000   -0.010547608
      31.850000   -0.010494974
      31.875000   -0.010442517
      31.900000   -0.010390238
      31.925000   -0.010338136
      31.950000   -0.010286212
      31.975000   -0.010234465
      32.000000   -0.010182896
      32.025000   -0.010131504
      32.050000   -0.010080290
      32.075000   -0.010029253
      32.100000  -0.0099783927
      32.125000  -0.0099277101
      32.150000  -0.0098772046
      32.175000  -0.0098268763
      32.200000  -0.0097767250
      32.225000  -0.0097267507
      32.250000  -0.0096769533
      32.275000  -0.0096273328
      32.300000  -0.0095778890
      32.325000  -0.0095286219
      32.350000  -0.0094795314
      32.375000  -0.0094306174
      32.400000  -0.0093818798
      32.425000  -0.0093333185
      32.450000  -0.0092849333
      32.475000  -0.0092367243
      32.500000  -0.0091886912
      32.525000  -0.0091408339
      32.550000  -0.0090931524
      32.575000  -0.0090456465
      32.600000  -0.0089983160
      32.625000  -0.0089511609
      32.650000  -0.0089041809
      32.675000  -0.0088573760
      32.700000  -0.0088107461
      32.725000  -0.0087642908
      32.750000  -0.0087180102
      32.775000  -0.0086719040
      32.800000  -0.0086259722
      32.825000  -0.0085802144
      32.850000  -0.0085346306
      32.875000  -0.0084892205
      32.900000  -0.0084439841
      32.925000  -0.0083989211
      32.950000  -0.0083540313
      32.975000  -0.0083093146
      33.000000  -0.0082647708
      33.025000  -0.0082203996
      33.050000  -0.0081762009
      33.075000  -0.0081321745
      33.100000  -0.0080883202
      33.125000  -0.0080446377
      33.150000  -0.0080011269
      33.175000  -0.0079577875
      33.200000  -0.0079146193
      33.225000  -0.0078716222
      33.250000  -0.0078287958
      33.275000  -0.0077861399
      33.300000  -0.0077436544
      33.325000  -0.0077013390
      33.350000  -0.0076591935
      33.375000  -0.0076172175
      33.400000  -0.0075754110
      33.425000  -0.0075337735
      33.450000  -0.0074923050
      33.475000  -0.0074510050
      33.500000  -0.0074098735
      33.525000  -0.0073689100
      33.550000  -0.0073281144
      33.575000  -0.0072874864
      33.600000  -0.0072470258
      33.625000  -0.0072067321
      33.650000  -0.0071666053
      33.675000  -0.0071266450
      33.700000  -0.0070868509
      33.725000  -0.0070472228
      33.750000  -0.0070077603
      33.775000  -0.0069684633
      33.800000  -0.0069293313
      33.825000  -0.0068903642
      33.850000  -0.0068515615
      33.875000  -0.0068129231
      33.900000  -0.0067744486
      33.925000  -0.0067361377
      33.950000  -0.0066979902
      33.975000  -0.0066600057
      34.000000  -0.0066221838
      34.025000  -0.0065845244
      34.050000  -0.0065470270
      34.075000  -0.0065096915
      34.100000  -0.0064725173
      34.125000  -0.0064355043
      34.150000  -0.0063986522
      34.175000  -0.0063619605
      34.200000  -0.0063254289
      34.225000  -0.0062890572
      34.250000  -0.0062528450
      34.275000  -0.0062167920
      34.300000  -0.0061808978
      34.325000  -0.0061451620
      34.350000  -0.0061095845
      34.375000  -0.0060741648
      34.400000  -0.0060389025
      34.425000  -0.0060037974
      34.450000  -0.0059688490
      34.475000  -0.0059340571
      34.500000  -0.0058994212
      34.525000  -0.0058649411
      34.550000  -0.0058306164
      34.575000  -0.0057964467
      34.600000  -0.0057624316
      34.625000  -0.0057285709
      34.650000  -0.0056948640
      34.675000  -0.0056613108
      34.700000  -0.0056279107
      34.725000  -0.0055946635
      34.750000  -0.0055615688
      34.775000  -0.0055286262
      34.800000  -0.0054958353
      34.825000  -0.0054631958
      34.850000  -0.0054307072
      34.875000  -0.0053983693
      34.900000  -0.0053661816
      34.925000  -0.0053341437
      34.950000  -0.0053022553
      34.975000  -0.0052705160
      35.000000  -0.0052389254
      35.025000  -0.0052074831
      35.050000  -0.0051761888
      35.075000  -0.0051450419
      35.100000  -0.0051140423
      35.125000  -0.0050831894
      35.150000  -0.0050524828
      35.175000  -0.0050219222
      35.200000  -0.0049915073
      35.225000  -0.0049612375
      35.250000  -0.0049311125
      35.275000  -0.0049011318
      35.300000  -0.0048712952
      35.325000  -0.0048416022
      35.350000  -0.0048120523
      35.375000  -0.0047826452
      35.400000  -0.0047533806
      35.425000  -0.0047242578
      35.450000  -0.0046952767
      35.475000  -0.0046664367
      35.500000  -0.0046377375
      35.525000  -0.0046091786
      35.550000  -0.0045807597
      35.575000  -0.0045524803
      35.600000  -0.0045243400
      35.625000  -0.0044963384
      35.650000  -0.0044684751
      35.675000  -0.0044407497
      35.700000  -0.0044131617
      35.725000  -0.0043857108
      35.750000  -0.0043583965
      35.775000  -0.0043312184
      35.800000  -0.0043041761
      35.825000  -0.0042772692
      35.850000  -0.0042504972
      35.875000  -0.0042238598
      35.900000  -0.0041973565
      35.925000  -0.0041709868
      35.950000  -0.0041447504
      35.975000  -0.0041186469
      36.000000  -0.0040926758
      36.025000  -0.0040668367
      36.050000  -0.0040411292
      36.075000  -0.0040155528
      36.100000  -0.0039901071
      36.125000  -0.0039647917
      36.150000  -0.0039396062
      36.175000  -0.0039145501
      36.200000  -0.0038896231
      36.225000  -0.0038648246
      36.250000  -0.0038401543
      36.275000  -0.0038156117
      36.300000  -0.0037911964
      36.325000  -0.0037669080
      36.350000  -0.0037427460
      36.375000  -0.0037187100
      36.400000  -0.0036947996
      36.425000  -0.0036710144
      36.450000  -0.0036473538
      36.475000  -0.0036238176
      36.500000  -0.0036004052
      36.525000  -0.0035771162
      36.550000  -0.0035539502
      36.575000  -0.0035309068
      36.600000  -0.0035079855
      36.625000  -0.0034851859
      36.650000  -0.0034625075
      36.675000  -0.0034399500
      36.700000  -0.0034175128
      36.725000  -0.0033951957
      36.750000  -0.0033729980
      36.775000  -0.0033509194
      36.800000  -0.0033289595
      36.825000  -0.0033071178
      36.850000  -0.0032853940
      36.875000  -0.0032637874
      36.900000  -0.0032422978
      36.925000  -0.0032209247
      36.950000  -0.0031996677
      36.975000  -0.0031785263
      37.000000  -0.0031575000
      37.025000  -0.0031365886
      37.050000  -0.0031157914
      37.075000  -0.0030951082
      37.100000  -0.0030745384
      37.125000  -0.0030540816
      37.150000  -0.0030337375
      37.175000  -0.0030135055
      37.200000  -0.0029933852
      37.225000  -0.0029733762
      37.250000  -0.0029534781
      37.275000  -0.0029336905
      37.300000  -0.0029140128
      37.325000  -0.0028944447
      37.350000  -0.0028749858
      37.375000  -0.0028556355
      37.400000  -0.0028363936
      37.425000  -0.0028172595
      37.450000  -0.0027982328
      37.475000  -0.0027793131
      37.500000  -0.0027605000
      37.525000  -0.0027417930
      37.550000  -0.0027231918
      37.575000  -0.0027046958
      37.600000  -0.0026863046
      37.625000  -0.0026680179
      37.650000  -0.0026498352
      37.675000  -0.0026317561
      37.700000  -0.0026137801
      37.725000  -0.0025959068
      37.750000  -0.0025781358
      37.775000  -0.0025604667
      37.800000  -0.0025428990
      37.825000  -0.0025254324
      37.850000  -0.0025080663
      37.875000  -0.0024908005
      37.900000  -0.0024736343
      37.925000  -0.0024565676
      37.950000  -0.0024395997
      37.975000  -0.0024227303
      38.000000  -0.0024059590
      38.025000  -0.0023892854
      38.050000  -0.0023727090
      38.075000  -0.0023562294
      38.100000  -0.0023398462
      38.125000  -0.0023235590
      38.150000  -0.0023073673
      38.175000  -0.0022912709
      38.200000  -0.0022752691
      38.225000  -0.0022593616
      38.250000  -0.0022435481
      38.275000  -0.0022278281
      38.300000  -0.0022122011
      38.325000  -0.0021966668
      38.350000  -0.0021812248
      38.375000  -0.0021658746
      38.400000  -0.0021506158
      38.425000  -0.0021354481
      38.450000  -0.0021203710
      38.475000  -0.0021053841
      38.500000  -0.0020904870
      38.525000  -0.0020756794
      38.550000  -0.0020609607
      38.575000  -0.0020463306
      38.600000  -0.0020317887
      38.625000  -0.0020173345
      38.650000  -0.0020029678
      38.675000  -0.0019886880
      38.700000  -0.0019744948
      38.725000  -0.0019603878
      38.750000  -0.0019463666
      38.775000  -0.0019324308
      38.800000  -0.0019185799
      38.825000  -0.0019048136
      38.850000  -0.0018911315
      38.875000  -0.0018775333
      38.900000  -0.0018640184
      38.925000  -0.0018505865
      38.950000  -0.0018372373
      38.975000  -0.0018239702
      39.000000  -0.0018107850
      39.025000  -0.0017976813
      39.050000  -0.0017846586
      39.075000  -0.0017717166
      39.100000  -0.0017588549
      39.125000  -0.0017460731
      39.150000  -0.0017333707
      39.175000  -0.0017207476
      39.200000  -0.0017082031
      39.225000  -0.0016957370
      39.250000  -0.0016833489
      39.275000  -0.0016710384
      39.300000  -0.0016588052
      39.325000  -0.0016466487
      39.350000  -0.0016345688
      39.375000  -0.0016225649
      39.400000  -0.0016106367
      39.425000  -0.0015987839
      39.450000  -0.0015870061
      39.475000  -0.0015753028
      39.500000  -0.0015636738
      39.525000  -0.0015521186
      39.550000  -0.0015406369
      39.575000  -0.0015292283
      39.600000  -0.0015178924
      39.625000  -0.0015066289
      39.650000  -0.0014954375
      39.675000  -0.0014843177
      39.700000  -0.0014732691
      39.725000  -0.0014622915
      39.750000  -0.0014513845
      39.775000  -0.0014405477
      39.800000  -0.0014297807
      39.825000  -0.0014190831
      39.850000  -0.0014084547
      39.875000  -0.0013978951
      39.900000  -0.0013874039
      39.925000  -0.0013769808
      39.950000  -0.0013666253
      39.975000  -0.0013563372
      40.000000  -0.0013461161
      40.025000  -0.0013359617
      40.050000  -0.0013258736
      40.075000  -0.0013158514
      40.100000  -0.0013058949
      40.125000  -0.0012960036
      40.150000  -0.0012861772
      40.175000  -0.0012764154
      40.200000  -0.0012667178
      40.225000  -0.0012570842
      40.250000  -0.0012475141
      40.275000  -0.0012380072
      40.300000  -0.0012285632
      40.325000  -0.0012191817
      40.350000  -0.0012098624
      40.375000  -0.0012006050
      40.400000  -0.0011914091
      40.425000  -0.0011822745
      40.450000  -0.0011732007
      40.475000  -0.0011641874
      40.500000  -0.0011552344
      40.525000  -0.0011463412
      40.550000  -0.0011375076
      40.575000  -0.0011287333
      40.600000  -0.0011200178
      40.625000  -0.0011113610
      40.650000  -0.0011027624
      40.675000  -0.0010942217
      40.700000  -0.0010857387
      40.725000  -0.0010773129
      40.750000  -0.0010689442
      40.775000  -0.0010606321
      40.800000  -0.0010523764
      40.825000  -0.0010441767
      40.850000  -0.0010360327
      40.875000  -0.0010279441
      40.900000  -0.0010199107
      40.925000  -0.0010119320
      40.950000  -0.0010040079
      40.975000 -0.00099613785
      41.000000 -0.00098832172
      41.025000 -0.00098055915
      41.050000 -0.00097284985
      41.075000 -0.00096519350
      41.100000 -0.00095758980
      41.125000 -0.00095003846
      41.150000 -0.00094253918
      41.175000 -0.00093509165
      41.200000 -0.00092769558
      41.225000 -0.00092035067
      41.250000 -0.00091305663
      41.275000 -0.00090581317
      41.300000 -0.00089861999
      41.325000 -0.00089147679
      41.350000 -0.00088438330
      41.375000 -0.00087733921
      41.400000 -0.00087034425
      41.425000 -0.00086339812
      41.450000 -0.00085650055
      41.475000 -0.00084965123
      41.500000 -0.00084284990
      41.525000 -0.00083609627
      41.550000 -0.00082939005
      41.575000 -0.00082273097
      41.600000 -0.00081611874
      41.625000 -0.00080955310
      41.650000 -0.00080303376
      41.675000 -0.00079656044
      41.700000 -0.00079013288
      41.725000 -0.00078375080
      41.750000 -0.00077741393
      41.775000 -0.00077112199
      41.800000 -0.00076487472
      41.825000 -0.00075867185
      41.850000 -0.00075251310
      41.875000 -0.00074639822
      41.900000 -0.00074032694
      41.925000 -0.00073429899
      41.950000 -0.00072831411
      41.975000 -0.00072237204
      42.000000 -0.00071647252
      42.025000 -0.00071061528
      42.050000 -0.00070480007
      42.075000 -0.00069902664
      42.100000 -0.00069329472
      42.125000 -0.00068760405
      42.150000 -0.00068195440
      42.175000 -0.00067634549
      42.200000 -0.00067077708
      42.225000 -0.00066524893
      42.250000 -0.00065976077
      42.275000 -0.00065431236
      42.300000 -0.00064890346
      42.325000 -0.00064353381
      42.350000 -0.00063820318
      42.375000 -0.00063291131
      42.400000 -0.00062765796
      42.425000 -0.00062244290
      42.450000 -0.00061726588
      42.475000 -0.00061212666
      42.500000 -0.00060702500
      42.525000 -0.00060196066
      42.550000 -0.00059693341
      42.575000 -0.00059194302
      42.600000 -0.00058698924
      42.625000 -0.00058207185
      42.650000 -0.00057719060
      42.675000 -0.00057234528
      42.700000 -0.00056753565
      42.725000 -0.00056276148
      42.750000 -0.00055802255
      42.775000 -0.00055331862
      42.800000 -0.00054864947
      42.825000 -0.00054401488
      42.850000 -0.00053941462
      42.875000 -0.00053484847
      42.900000 -0.00053031621
      42.925000 -0.00052581761
      42.950000 -0.00052135246
      42.975000 -0.00051692054
      43.000000 -0.00051252164
      43.025000 -0.00050815553
      43.050000 -0.00050382199
      43.075000 -0.00049952083
      43.100000 -0.00049525181
      43.125000 -0.00049101474
      43.150000 -0.00048680939
      43.175000 -0.00048263557
      43.200000 -0.00047849305
      43.225000 -0.00047438163
      43.250000 -0.00047030111
      43.275000 -0.00046625128
      43.300000 -0.00046223193
      43.325000 -0.00045824286
      43.350000 -0.00045428386
      43.375000 -0.00045035474
      43.400000 -0.00044645529
      43.425000 -0.00044258531
      43.450000 -0.00043874460
      43.475000 -0.00043493297
      43.500000 -0.00043115022
      43.525000 -0.00042739615
      43.550000 -0.00042367057
      43.575000 -0.00041997328
      43.600000 -0.00041630409
      43.625000 -0.00041266280
      43.650000 -0.00040904923
      43.675000 -0.00040546319
      43.700000 -0.00040190449
      43.725000 -0.00039837293
      43.750000 -0.00039486833
      43.775000 -0.00039139051
      43.800000 -0.00038793927
      43.825000 -0.00038451444
      43.850000 -0.00038111583
      43.875000 -0.00037774326
      43.900000 -0.00037439655
      43.925000 -0.00037107551
      43.950000 -0.00036777996
      43.975000 -0.00036450974
      44.000000 -0.00036126465
      44.025000 -0.00035804452
      44.050000 -0.00035484918
      44.075000 -0.00035167845
      44.100000 -0.00034853215
      44.125000 -0.00034541012
      44.150000 -0.00034231218
      44.175000 -0.00033923815
      44.200000 -0.00033618788
      44.225000 -0.00033316118
      44.250000 -0.00033015789
      44.275000 -0.00032717784
      44.300000 -0.00032422087
      44.325000 -0.00032128680
      44.350000 -0.00031837548
      44.375000 -0.00031548673
      44.400000 -0.00031262040
      44.425000 -0.00030977632
      44.450000 -0.00030695433
      44.475000 -0.00030415427
      44.500000 -0.00030137597
      44.525000 -0.00029861929
      44.550000 -0.00029588405
      44.575000 -0.00029317011
      44.600000 -0.00029047731
      44.625000 -0.00028780548
      44.650000 -0.00028515448
      44.675000 -0.00028252415
      44.700000 -0.00027991434
      44.725000 -0.00027732490
      44.750000 -0.00027475566
      44.775000 -0.00027220649
      44.800000 -0.00026967723
      44.825000 -0.00026716773
      44.850000 -0.00026467785
      44.875000 -0.00026220743
      44.900000 -0.00025975633
      44.925000 -0.00025732441
      44.950000 -0.00025491151
      44.975000 -0.00025251749
      45.000000 -0.00025014222
      45.025000 -0.00024778554
      45.050000 -0.00024544731
      45.075000 -0.00024312740
      45.100000 -0.00024082565
      45.125000 -0.00023854194
      45.150000 -0.00023627612
      45.175000 -0.00023402806
      45.200000 -0.00023179761
      45.225000 -0.00022958464
      45.250000 -0.00022738902
      45.275000 -0.00022521060
      45.300000 -0.00022304926
      45.325000 -0.00022090485
      45.350000 -0.00021877725
      45.375000 -0.00021666633
      45.400000 -0.00021457194
      45.425000 -0.00021249397
      45.450000 -0.00021043228
      45.475000 -0.00020838673
      45.500000 -0.00020635721
      45.525000 -0.00020434358
      45.550000 -0.00020234572
      45.575000 -0.00020036349
      45.600000 -0.00019839678
      45.625000 -0.00019644546
      45.650000 -0.00019450939
      45.675000 -0.00019258847
      45.700000 -0.00019068256
      45.725000 -0.00018879154
      45.750000 -0.00018691529
      45.775000 -0.00018505369
      45.800000 -0.00018320662
      45.825000 -0.00018137395
      45.850000 -0.00017955557
      45.875000 -0.00017775136
      45.900000 -0.00017596121
      45.925000 -0.00017418498
      45.950000 -0.00017242257
      45.975000 -0.00017067386
      46.000000 -0.00016893874
      46.025000 -0.00016721708
      46.050000 -0.00016550878
      46.075000 -0.00016381372
      46.100000 -0.00016213179
      46.125000 -0.00016046287
      46.150000 -0.00015880685
      46.175000 -0.00015716363
      46.200000 -0.00015553309
      46.225000 -0.00015391511
      46.250000 -0.00015230960
      46.275000 -0.00015071644
      46.300000 -0.00014913552
      46.325000 -0.00014756674
      46.350000 -0.00014600999
      46.375000 -0.00014446516
      46.400000 -0.00014293214
      46.425000 -0.00014141083
      46.450000 -0.00013990112
      46.475000 -0.00013840292
      46.500000 -0.00013691611
      46.525000 -0.00013544059
      46.550000 -0.00013397626
      46.575000 -0.00013252301
      46.600000 -0.00013108076
      46.625000 -0.00012964938
      46.650000 -0.00012822878
      46.675000 -0.00012681887
      46.700000 -0.00012541954
      46.725000 -0.00012403069
      46.750000 -0.00012265223
      46.775000 -0.00012128405
      46.800000 -0.00011992606
      46.825000 -0.00011857816
      46.850000 -0.00011724025
      46.875000 -0.00011591224
      46.900000 -0.00011459403
      46.925000 -0.00011328552
      46.950000 -0.00011198663
      46.975000 -0.00011069725
      47.000000 -0.00010941729
      47.025000 -0.00010814666
      47.050000 -0.00010688526
      47.075000 -0.00010563301
      47.100000 -0.00010438980
      47.125000 -0.00010315556
      47.150000 -0.00010193018
      47.175000 -0.00010071357
      47.200000 -9.9505655E-05
      47.225000 -9.8306330E-05
      47.250000 -9.7115509E-05
      47.275000 -9.5933105E-05
      47.300000 -9.4759026E-05
      47.325000 -9.3593185E-05
      47.350000 -9.2435494E-05
      47.375000 -9.1285865E-05
      47.400000 -9.0144211E-05
      47.425000 -8.9010444E-05
      47.450000 -8.7884478E-05
      47.475000 -8.6766226E-05
      47.500000 -8.5655603E-05
      47.525000 -8.4552524E-05
      47.550000 -8.3456902E-05
      47.575000 -8.2368654E-05
      47.600000 -8.1287694E-05
      47.625000 -8.0213939E-05
      47.650000 -7.9147305E-05
      47.675000 -7.8087708E-05
      47.700000 -7.7035066E-05
      47.725000 -7.5989295E-05
      47.750000 -7.4950312E-05
      47.775000 -7.3918037E-05
      47.800000 -7.2892387E-05
      47.825000 -7.1873280E-05
      47.850000 -7.0860635E-05
      47.875000 -6.9854372E-05
      47.900000 -6.8854409E-05
      47.925000 -6.7860667E-05
      47.950000 -6.6873064E-05
      47.975000 -6.5891522E-05
      48.000000 -6.4915961E-05
      48.025000 -6.3946302E-05
      48.050000 -6.2982465E-05
      48.075000 -6.2024372E-05
      48.100000 -6.1071945E-05
      48.125000 -6.0125104E-05
      48.150000 -5.9183773E-05
      48.175000 -5.8247873E-05
      48.200000 -5.7317327E-05
      48.225000 -5.6392058E-05
      48.250000 -5.5471989E-05
      48.275000 -5.4557042E-05
      48.300000 -5.3647141E-05
      48.325000 -5.2742210E-05
      48.350000 -5.1842172E-05
      48.375000 -5.0946952E-05
      48.400000 -5.0056473E-05
      48.425000 -4.9170661E-05
      48.450000 -4.8289439E-05
      48.475000 -4.7412732E-05
      48.500000 -4.6540465E-05
      48.525000 -4.5672563E-05
      48.550000 -4.4808952E-05
      48.575000 -4.3949556E-05
      48.600000 -4.3094302E-05
      48.625000 -4.2243115E-05
      48.650000 -4.1395920E-05
      48.675000 -4.0552645E-05
      48.700000 -3.9713214E-05
      48.725000 -3.8877553E-05
      48.750000 -3.8045591E-05
      48.775000 -3.7217252E-05
      48.800000 -3.6392463E-05
      48.825000 -3.5571151E-05
      48.850000 -3.4753242E-05
      48.875000 -3.3938664E-05
      48.900000 -3.3127344E-05
      48.925000 -3.2319207E-05
      48.950000 -3.1514182E-05
      48.975000 -3.0712196E-05
      49.000000 -2.9913175E-05
      49.025000 -2.9117047E-05
      49.050000 -2.8323739E-05
      49.075000 -2.7533178E-05
      49.100000 -2.6745292E-05
      49.125000 -2.5960009E-05
      49.150000 -2.5177255E-05
      49.175000 -2.4396958E-05
      49.200000 -2.3619046E-05
      49.225000 -2.2843445E-05
      49.250000 -2.2070084E-05
      49.275000 -2.1298890E-05
      49.300000 -2.0529790E-05
      49.325000 -1.9762711E-05
      49.350000 -1.8997582E-05
      49.375000 -1.8234329E-05
      49.400000 -1.7472880E-05
      49.425000 -1.6713161E-05
      49.450000 -1.5955101E-05
      49.475000 -1.5198626E-05
      49.500000 -1.4443664E-05
      49.525000 -1.3690141E-05
      49.550000 -1.2937984E-05
      49.575000 -1.2187121E-05
      49.600000 -1.1437477E-05
      49.625000 -1.0688980E-05
      49.650000 -9.9415564E-06
      49.675000 -9.1951323E-06
      49.700000 -8.4496341E-06
      49.725000 -7.7049880E-06
      49.750000 -6.9611202E-06
      49.775000 -6.2179564E-06
      49.800000 -5.4754224E-06
      49.825000 -4.7334439E-06
      49.850000 -3.9919463E-06
      49.875000 -3.2508548E-06
      49.900000 -2.5100945E-06
      49.925000 -1.7695904E-06
      49.950000 -1.0292671E-06
      49.975000 -2.8904920E-07
