     0.10000000    -0.11852909
     0.20000000    -0.12648187
     0.30000000   -0.016441544
     0.40000000     0.10893635
     0.50000000     0.13269726
     0.60000000    0.032684228
     0.70000000   -0.097812916
     0.80000000    -0.13708931
     0.90000000   -0.048528471
      1.0000000    0.085280525
      1.1000000     0.13958372
      1.2000000    0.063773341
      1.3000000   -0.071474464
      1.4000000    -0.14011848
      1.5000000   -0.078216126
      1.6000000    0.056544888
      1.7000000     0.13864505
      1.8000000    0.091652204
      1.9000000   -0.040658357
      2.0000000    -0.13513004
      2.1000000    -0.10387530
      2.2000000    0.023999498
      2.3000000     0.12955751
      2.4000000     0.11467830
      2.5000000  -0.0067726701
      2.6000000    -0.12193180
      2.7000000    -0.12385463
      2.8000000   -0.010796471
      2.9000000     0.11228092
      3.0000000     0.13120043
      3.1000000    0.028459671
      3.2000000    -0.10066048
      3.3000000    -0.13651763
      3.4000000   -0.045945211
      3.5000000    0.087158031
      3.6000000     0.13961793
      3.7000000    0.062957685
      3.8000000   -0.071897766
      3.9000000    -0.14032791
      4.0000000   -0.079178650
      4.1000000    0.055045422
      4.2000000     0.13849536
      4.3000000    0.094268419
      4.4000000   -0.036813137
      4.5000000    -0.13399677
      4.6000000    -0.10786929
      4.7000000    0.017464018
      4.8000000     0.12674607
      4.9000000     0.11961052
      5.0000000   0.0026839493
      5.1000000    -0.11670457
      5.2000000    -0.12911533
      5.3000000   -0.023255089
      5.4000000     0.10389180
      5.5000000     0.13601036
      5.6000000    0.043814858
      5.7000000   -0.088397217
      5.8000000    -0.13993761
      5.9000000   -0.063870911
      6.0000000    0.070392044
      6.1000000     0.14056934
      6.2000000    0.082877122
      6.3000000   -0.050140915
      6.4000000    -0.13762577
      6.5000000    -0.10024131
      6.6000000    0.028012336
      6.7000000     0.13089561
      6.8000000     0.11533742
      6.9000000  -0.0044870159
      7.0000000    -0.12025899
      7.1000000    -0.12752301
      7.2000000   -0.019837235
      7.3000000     0.10571218
      7.4000000     0.13616245
      7.5000000    0.044245498
      7.6000000   -0.087393047
      7.7000000    -0.14065658
      7.8000000   -0.067912307
      7.9000000    0.065605712
      8.0000000     0.14047850
      8.1000000    0.089916548
      8.2000000   -0.040842364
      8.3000000    -0.13521540
      8.4000000    -0.10926643
      8.5000000    0.013799704
      8.6000000     0.12461509
      8.7000000     0.12493607
      8.8000000    0.014613125
      8.9000000    -0.10863528
      9.0000000    -0.13591481
      9.1000000   -0.043278660
      9.2000000    0.087492671
      9.3000000     0.14126953
      9.4000000    0.070891044
      9.5000000   -0.061707485
      9.6000000    -0.14021914
      9.7000000   -0.095995492
      9.8000000    0.032138228
      9.9000000     0.13221895
      10.000000     0.11705045
