     0.10000000   -0.072987506
     0.20000000    -0.12657048
     0.30000000    -0.14017714
     0.40000000    -0.10717804
     0.50000000   -0.037656161
     0.60000000    0.044883864
     0.70000000     0.11176051
     0.80000000     0.13937846
     0.90000000     0.11780036
      1.0000000    0.054491504
      1.1000000   -0.028175043
      1.2000000    -0.10081071
      1.3000000    -0.13749385
      1.4000000    -0.12507537
      1.5000000   -0.067942515
      1.6000000    0.013499788
      1.7000000    0.090108934
      1.8000000     0.13444298
      1.9000000     0.13060789
      2.0000000    0.079969747
      2.1000000  0.00067306016
      2.2000000   -0.078864818
      2.3000000    -0.13014568
      2.4000000    -0.13480665
      2.5000000   -0.091193268
      2.6000000   -0.014936254
      2.7000000    0.066664893
      2.8000000     0.12442619
      2.9000000     0.13771808
      3.0000000     0.10182220
      3.1000000    0.029585073
      3.2000000   -0.053203136
      3.3000000    -0.11703282
      3.4000000    -0.13919522
      3.5000000    -0.11184573
      3.6000000   -0.044751428
      3.7000000    0.038229163
      3.8000000     0.10765338
      3.9000000     0.13894561
      4.0000000     0.12107932
      4.1000000    0.060427555
      4.2000000   -0.021550420
      4.3000000   -0.095932706
      4.4000000    -0.13654808
      4.5000000    -0.12916754
      4.6000000   -0.076450647
      4.7000000   0.0030597808
      4.8000000    0.081499489
      4.9000000     0.13146458
      5.0000000     0.13557218
      5.1000000    0.092467806
      5.2000000    0.017216980
      5.3000000   -0.064008899
      5.4000000    -0.12306054
      5.5000000    -0.13955903
      5.6000000    -0.10788972
      5.7000000   -0.039054387
      5.8000000    0.043208101
      5.9000000     0.11064511
      6.0000000     0.14019545
      6.1000000     0.12184092
      6.2000000    0.061942084
      6.3000000   -0.019031264
      6.4000000   -0.093543998
      6.5000000    -0.13637293
      6.6000000    -0.13311838
      6.7000000   -0.084986007
      6.8000000  -0.0082712705
      6.9000000    0.071218450
      7.0000000     0.12687408
      7.1000000     0.14017740
      7.2000000     0.10680830
      7.3000000    0.037970468
      7.4000000   -0.043442846
      7.5000000    -0.11050738
      7.6000000    -0.14117325
      7.7000000    -0.12547056
      7.8000000   -0.068674710
      7.9000000    0.010547566
      8.0000000    0.086335606
      8.1000000     0.13409762
      8.2000000     0.13846209
      8.3000000    0.098155543
      8.4000000    0.026281564
      8.5000000   -0.054017675
      8.6000000    -0.11705640
      8.7000000    -0.14281506
      8.8000000    -0.12324257
      8.9000000   -0.064684642
      9.0000000    0.014264307
      9.1000000    0.088732392
      9.2000000     0.13542616
      9.3000000     0.13988318
      9.4000000     0.10087349
      9.5000000    0.030635543
      9.6000000   -0.049050662
      9.7000000    -0.11366725
      9.8000000    -0.14349824
      9.9000000    -0.12958782
      10.000000   -0.076334428
